6.380000 
6.400000 
6.440000 
6.470000 
6.490000 
6.530000 
6.530000 
6.560000 
6.560000 
6.560000 
6.560000 
6.560000 
6.580000 
6.580000 
6.580000 
6.580000 
6.580000 
6.580000 
6.580000 
6.580000 
6.580000 
6.600000 
6.620000 
6.620000 
6.620000 
6.640000 
6.640000 
6.640000 
6.640000 
6.640000 
6.640000 
6.640000 
6.640000 
6.670000 
6.670000 
6.690000 
6.690000 
6.690000 
6.690000 
6.690000 
6.690000 
6.690000 
6.690000 
6.690000 
6.690000 
6.710000 
6.730000 
6.760000 
6.760000 
6.760000 
6.760000 
6.760000 
6.760000 
6.760000 
6.760000 
6.760000 
6.760000 
6.760000 
6.760000 
6.760000 
6.760000 
6.760000 
6.780000 
6.780000 
6.800000 
6.820000 
6.820000 
6.820000 
6.820000 
6.820000 
6.820000 
6.820000 
6.820000 
6.820000 
6.820000 
6.820000 
6.820000 
6.820000 
6.820000 
6.820000 
6.820000 
6.820000 
6.800000 
6.800000 
6.800000 
6.780000 
6.780000 
6.780000 
6.780000 
6.780000 
6.760000 
6.760000 
6.760000 
6.760000 
6.760000 
6.760000 
6.760000 
6.760000 
6.760000 
6.760000 
6.760000 
6.760000 
6.760000 
6.760000 
6.760000 
6.760000 
6.760000 
6.760000 
6.760000 
6.760000 
6.760000 
6.760000 
6.760000 
6.760000 
6.760000 
6.760000 
6.760000 
6.760000 
6.760000 
6.760000 
6.760000 
6.760000 
6.760000 
6.760000 
6.760000 
6.760000 
6.760000 
6.760000 
6.760000 
6.760000 
6.760000 
6.780000 
6.780000 
6.800000 
6.820000 
6.820000 
6.820000 
6.820000 
6.820000 
6.820000 
6.840000 
6.870000 
6.870000 
6.890000 
6.890000 
6.910000 
6.910000 
6.910000 
6.910000 
6.910000 
6.890000 
6.870000 
6.840000 
6.820000 
6.800000 
6.800000 
6.780000 
6.780000 
6.760000 
6.760000 
6.760000 
6.760000 
6.730000 
6.730000 
6.710000 
6.710000 
6.690000 
6.690000 
6.690000 
6.690000 
6.690000 
6.690000 
6.690000 
6.690000 
6.690000 
6.690000 
6.670000 
6.640000 
6.620000 
6.600000 
6.530000 
6.490000 
6.400000 
6.310000 
6.270000 
6.240000 
6.330000 
6.420000 
6.670000 
6.910000 
7.310000 
7.710000 
8.160000 
8.580000 
8.780000 
8.980000 
8.760000 
8.530000 
8.040000 
7.560000 
7.130000 
6.710000 
6.530000 
6.380000 
6.360000 
6.360000 
6.360000 
6.380000 
6.380000 
6.400000 
6.440000 
6.470000 
6.490000 
6.510000 
6.530000 
6.560000 
6.560000 
6.580000 
6.580000 
6.580000 
6.580000 
6.580000 
6.580000 
6.580000 
6.580000 
6.580000 
6.580000 
6.580000 
6.600000 
6.620000 
6.620000 
6.640000 
6.640000 
6.640000 
6.640000 
6.640000 
6.640000 
6.670000 
6.670000 
6.690000 
6.690000 
6.690000 
6.690000 
6.690000 
6.690000 
6.690000 
6.690000 
6.690000 
6.690000 
6.710000 
6.710000 
6.710000 
6.710000 
6.710000 
6.730000 
6.730000 
6.760000 
6.760000 
6.760000 
6.760000 
6.760000 
6.760000 
6.760000 
6.760000 
6.760000 
6.760000 
6.760000 
6.760000 
6.760000 
6.760000 
6.780000 
6.780000 
6.800000 
6.820000 
6.820000 
6.820000 
6.820000 
6.820000 
6.820000 
6.820000 
6.820000 
6.820000 
6.820000 
6.820000 
6.820000 
6.820000 
6.820000 
6.820000 
6.820000 
6.820000 
6.800000 
6.800000 
6.780000 
6.760000 
6.760000 
6.760000 
6.760000 
6.760000 
6.760000 
6.760000 
6.760000 
6.760000 
6.760000 
6.760000 
6.760000 
6.760000 
6.760000 
6.760000 
6.760000 
6.760000 
6.760000 
6.760000 
6.760000 
6.760000 
6.760000 
6.760000 
6.760000 
6.760000 
6.760000 
6.760000 
6.760000 
6.760000 
6.760000 
6.760000 
6.760000 
6.760000 
6.760000 
6.760000 
6.760000 
6.760000 
6.760000 
6.760000 
6.760000 
6.760000 
6.760000 
6.760000 
6.760000 
6.760000 
6.760000 
6.780000 
6.780000 
6.800000 
6.800000 
6.800000 
6.820000 
6.820000 
6.820000 
6.840000 
6.840000 
6.870000 
6.870000 
6.890000 
6.890000 
6.890000 
6.890000 
6.890000 
6.890000 
6.890000 
6.870000 
6.870000 
6.840000 
6.820000 
6.800000 
6.800000 
6.780000 
6.780000 
6.760000 
6.760000 
6.760000 
6.730000 
6.730000 
6.710000 
6.710000 
6.710000 
6.690000 
6.690000 
6.690000 
6.690000 
6.670000 
6.670000 
6.670000 
6.690000 
6.690000 
6.690000 
6.670000 
6.640000 
6.620000 
6.580000 
6.510000 
6.440000 
6.360000 
6.270000 
6.240000 
6.200000 
6.310000 
6.400000 
6.640000 
6.910000 
7.310000 
7.710000 
8.130000 
8.560000 
8.760000 
8.960000 
8.730000 
8.510000 
8.020000 
7.530000 
7.110000 
6.690000 
6.530000 
6.380000 
6.380000 
6.360000 
6.380000 
6.380000 
6.400000 
6.400000 
6.420000 
6.470000 
6.490000 
6.510000 
6.510000 
6.510000 
6.510000 
6.510000 
6.510000 
6.530000 
6.530000 
6.560000 
6.560000 
6.560000 
6.580000 
6.580000 
6.580000 
6.580000 
6.580000 
6.580000 
6.580000 
6.580000 
6.580000 
6.580000 
6.580000 
6.580000 
6.580000 
6.600000 
6.620000 
6.620000 
6.640000 
6.640000 
6.640000 
6.670000 
6.670000 
6.690000 
6.690000 
6.690000 
6.690000 
6.690000 
6.690000 
6.690000 
6.690000 
6.710000 
6.730000 
6.760000 
6.760000 
6.760000 
6.760000 
6.760000 
6.760000 
6.760000 
6.760000 
6.760000 
6.760000 
6.760000 
6.760000 
6.760000 
6.760000 
6.760000 
6.780000 
6.780000 
6.800000 
6.820000 
6.820000 
6.820000 
6.820000 
6.820000 
6.820000 
6.820000 
6.820000 
6.820000 
6.820000 
6.820000 
6.820000 
6.820000 
6.820000 
6.820000 
6.800000 
6.800000 
6.780000 
6.780000 
6.760000 
6.760000 
6.760000 
6.760000 
6.760000 
6.760000 
6.760000 
6.760000 
6.760000 
6.760000 
6.760000 
6.760000 
