8.693979 
5.624847 
5.064547 
1.362049 
1.725822 
5.514085 
2.102156 
-2.618699 
-8.805242 
-10.093045 
-4.160902 
-7.142208 
-5.995033 
-10.715458 
-2.026186 
4.948208 
5.802046 
3.486085 
4.714348 
6.880833 
11.462959 
5.524888 
-4.063327 
0.284613 
4.895847 
7.727065 
1.318660 
-4.493664 
-12.354007 
-5.128029 
2.382201 
4.455160 
1.893243 
1.130066 
-3.919351 
-2.662396 
-1.220397 
-11.540786 
-10.745450 
-10.721356 
-6.297540 
-4.791217 
-17.319265 
-11.954741 
-11.258429 
-10.892839 
-21.406746 
-26.565516 
-23.564152 
-17.053505 
-7.598794 
-11.830387 
-10.570330 
-3.430978 
-4.267323 
-5.200816 
-6.505825 
-4.040799 
-3.331195 
-5.214126 
-1.092757 
3.201377 
-1.457273 
-3.939493 
-0.344526 
6.040116 
9.934862 
3.588658 
-2.388936 
-5.458986 
3.693267 
0.547951 
-7.159278 
-7.193865 
-7.304508 
-4.113279 
-8.896547 
-11.561109 
-9.924548 
-5.727720 
-11.596485 
-15.193460 
-10.247061 
-10.055414 
-2.318833 
0.260609 
4.149922 
7.848897 
1.910213 
1.674576 
8.361007 
8.647235 
4.741126 
1.330277 
4.412158 
6.908317 
9.015070 
7.873466 
3.076873 
6.091495 
12.405048 
14.607065 
2.014554 
0.861780 
6.656173 
7.906852 
7.761290 
4.098259 
5.703808 
5.624611 
7.593772 
9.683180 
9.580135 
4.205983 
5.557141 
0.315159 
-2.305334 
4.900747 
-7.979496 
-3.613478 
1.390683 
3.038720 
3.492326 
-0.978970 
4.304809 
0.693629 
-0.464138 
-2.643755 
-7.895249 
-2.812594 
1.401511 
3.022009 
2.174468 
-6.600162 
-6.026942 
1.231129 
-2.198989 
-1.763919 
-5.271727 
-0.190999 
4.703297 
4.300965 
5.582701 
3.229878 
2.211945 
10.155197 
4.310799 
1.117710 
-1.796998 
-0.214526 
6.680812 
7.955670 
9.688498 
10.477171 
8.730044 
6.573035 
8.485537 
6.878069 
5.985642 
9.018442 
5.596252 
-5.105173 
-1.048333 
-0.433391 
2.740047 
4.124638 
-2.158889 
-0.019129 
0.689662 
1.464613 
8.132427 
6.403944 
6.780264 
1.468560 
-4.160261 
1.263964 
3.313760 
-0.794915 
-0.977176 
-1.722851 
2.501597 
-4.367721 
-8.946249 
-6.680315 
-10.924862 
-5.588042 
-2.572568 
-0.624881 
0.367617 
1.755909 
7.892636 
4.447544 
4.842005 
9.086921 
8.774850 
8.595230 
12.760216 
7.386278 
4.650854 
-0.272900 
-1.144607 
-0.735384 
2.293581 
-1.158589 
0.939061 
6.095908 
7.357035 
3.629726 
-1.777910 
-1.389900 
2.159997 
0.848706 
1.658811 
-3.710966 
-7.229336 
-4.017496 
3.704584 
11.179667 
10.048033 
12.510698 
10.603745 
14.609398 
12.804140 
9.509071 
8.412451 
5.527601 
8.452526 
4.900506 
7.102440 
6.563264 
7.607538 
8.445353 
4.950907 
4.638490 
8.814592 
14.150983 
16.529194 
12.239493 
10.270654 
8.756248 
4.937372 
7.836549 
11.607090 
5.221844 
2.120122 
-1.108506 
4.349201 
0.271667 
-1.176948 
-5.186417 
-0.878352 
1.660301 
-0.396567 
-5.517895 
-3.577944 
-7.535749 
-3.598791 
-7.052233 
-12.172429 
-9.667717 
-15.882238 
-2.839084 
-7.565092 
-11.408851 
-12.229146 
-8.663403 
-5.612946 
-7.519140 
-6.995014 
-1.328024 
0.454897 
2.711202 
-4.521718 
-5.585573 
-0.365982 
0.322539 
-1.802791 
4.285541 
2.523228 
2.075340 
8.742323 
8.689710 
1.679335 
6.552321 
0.511989 
-6.358230 
-12.013657 
-22.080378 
-24.884331 
-31.975941 
-22.836716 
-18.507305 
-22.192772 
-37.874027 
-34.872078 
-28.963673 
-26.367393 
-27.422436 
-22.848345 
-16.421928 
-9.658808 
-10.337069 
-4.047225 
-3.519302 
-5.671338 
-10.147495 
-3.890504 
-3.529675 
-4.812435 
-10.141386 
-5.302158 
-0.489164 
7.366667 
2.924412 
-6.897054 
-1.114435 
0.253512 
2.097681 
-2.460986 
-7.376490 
-7.309931 
-3.403443 
-5.685113 
-7.868974 
-15.716971 
-16.801966 
-8.795973 
-14.828235 
-17.757111 
-17.083948 
-17.181879 
-6.633734 
-6.476877 
-18.255106 
-17.555779 
-15.877153 
-9.747887 
-17.518038 
-18.207926 
-19.567278 
-23.615849 
-24.768074 
-16.962830 
-25.637859 
-29.521648 
-18.394831 
-12.653201 
-10.682416 
-11.709027 
-11.326141 
-3.028011 
9.093077 
9.000973 
12.776822 
13.360772 
22.065802 
26.063320 
27.784376 
25.569767 
17.024052 
29.092575 
31.144543 
24.546305 
25.824354 
29.476021 
22.107721 
17.628002 
32.539230 
19.494053 
10.305063 
13.674529 
26.694437 
25.803453 
17.544317 
25.325729 
25.917864 
28.325390 
32.564247 
21.505314 
20.823702 
20.765041 
20.303856 
26.642265 
19.693295 
13.228493 
17.768406 
18.335648 
16.569878 
13.934094 
11.142440 
13.169626 
9.578266 
12.033508 
12.067366 
3.230877 
-4.432581 
1.015686 
-3.163135 
-4.847363 
-9.730482 
-3.517510 
-1.384507 
-5.169083 
-5.695187 
-10.900131 
-4.720561 
-5.717752 
-5.457445 
0.004392 
-3.144372 
-1.140096 
1.175499 
4.139332 
0.796719 
1.482979 
6.415849 
0.981259 
17.607363 
18.597130 
2.116572 
4.501649 
2.996853 
5.573391 
9.388510 
4.841191 
11.309340 
4.680996 
9.371185 
17.495642 
21.736755 
4.385778 
2.659008 
1.024976 
-0.451697 
0.616563 
6.524900 
6.388912 
6.806883 
-6.833090 
-6.119604 
-9.865379 
-7.748090 
-14.858429 
-9.922399 
-12.606331 
-15.129938 
-6.077587 
-6.395466 
-6.329586 
-13.348243 
-13.561551 
-12.847666 
-12.703699 
-12.397697 
-15.241385 
-5.940045 
-0.672140 
-0.161840 
5.636047 
0.154590 
-5.141815 
-6.055097 
-6.587395 
-15.397891 
-19.744539 
-13.773167 
-15.093480 
-15.090043 
-10.986500 
-7.359588 
-4.465875 
-1.555617 
1.421184 
2.330320 
-5.853643 
-5.440627 
2.019700 
4.485956 
0.590393 
-6.149314 
-4.551549 
-9.049080 
-9.977579 
-5.348823 
-6.093061 
-1.604453 
10.651434 
5.129627 
-4.012558 
-4.473172 
-8.722509 
-7.900458 
2.705974 
6.333144 
7.916095 
5.682603 
10.670235 
12.280167 
15.448997 
7.566401 
-0.626908 
-0.130779 
-1.275771 
-6.020603 
-0.586283 
-1.429100 
-2.148830 
6.791694 
13.279764 
17.633410 
7.048522 
14.337005 
