156.3	   
160.2	   
163.7	   
167.8	   
170.5	   
174.3	   
177.2	   
178.1	   
177.0	   
178.6	   
177.9	   
180.4	   
183.1	   
187.0	   
200.7	   
198.1	   
209.4	   
205.1	   
207.8	   
211.7	   
213.1	   
217.2	   
219.7	   
227.9	   
231.5	   
233.2	   
233.9	   
233.4	   
235.4	   
238.2	   
240.6	   
245.4	   
251.8	   
256.8	   
261.0	   
265.1	   
266.6	   
269.3	   
272.5	   
277.9	   
282.3	   
284.6	   
289.2	   
290.8	   
290.3	   
293.2	   
298.3	   
302.2	   
309.9	   
315.9	   
321.1	   
323.2	   
326.7	   
332.6	   
332.5	   
334.5	   
335.0	   
339.9	   
342.8	   
350.1	   
355.4	   
361.0	   
364.9	   
371.1	   
374.7	   
378.9	   
385.8	   
390.5	   
400.1	   
408.1	   
417.0	   
419.6	   
430.3	   
437.2	   
446.4	   
460.4	   
470.8	   
475.9	   
485.0	   
490.8	   
495.1	   
504.2	   
511.4	   
518.9	   
536.9	   
550.6	   
566.7	   
575.6	   
587.8	   
599.2	   
609.5	   
621.5	   
632.6	   
642.5	   
654.5	   
661.2	   
680.2	   
694.3	   
706.7	   
722.9	   
740.1	   
758.6	   
777.1	   
801.9	   
826.5	   
842.0	   
860.5	   
875.6	   
893.8	   
922.3	   
951.1	   
960.9	   
987.1	   
1015.8	   
1049.6	   
1078.5	   
1112.3	   
1132.0	   
1161.3	   
1195.1	   
1230.6	   
1258.5	   
1289.7	   
1327.9	   
1357.8	   
1415.3	   
1446.2	   
1485.4	   
1521.0	   
1561.5	   
1616.0	   
1659.5	   
1706.5	   
1708.9	   
1767.7	   
1835.4	   
1890.7	   
1921.9	   
1961.2	   
1976.1	   
2014.4	   
2041.1	   
2089.2	   
2150.9	   
2190.6	   
2254.5	   
2324.3	   
2376.7	   
2422.8	   
2481.2	   
2519.7	   
2568.9	   
2643.9	   
2691.2	   
2764.7	   
2790.9	   
2834.7	   
2863.0	   
2929.7	   
2966.1	   
2998.3	   
3068.8	   
3133.5	   
3167.6	   
3249.0	   
3309.0	   
3378.3	   
3451.3	   
3506.1	   
3569.5	   
3625.6	   
3670.1	   
3754.5	   
3800.2	   
3863.4	   
3884.4	   
3890.2	   
3943.7	   
3989.6	   
4017.1	    
4117.7	   
4173.4	   
4245.4	   
4326.2	   
4368.5	   
4437.5	   
4506.0	   
4572.0	   
4640.9	   
4702.9	   
4773.1	   
4847.2	   
4883.3	   
4955.0	   
5020.5	   
5077.9	   
5153.8	   
5244.1	   
5298.3	   
5376.1	   
5456.7	   
5495.1	   
5603.5	   
5687.6	   
5745.9	   
5857.8	   
5952.8	   
6055.5	   
6129.0	   
6253.0	   
6357.2	   
6488.9	   
6642.7	   
6737.3	   
6845.1	   
6944.4	   
7020.4	   
7072.1	   
7103.4	   
7216.6	   
7251.4	   
7344.5	   
7433.1	   
7507.2	   
7593.5	   
7684.6	   
7845.5	   
7938.5	   
8076.8	   
8186.3	   
8312.7	   
8464.3	   
8573.1	   
8723.9	   
8888.1	   
8991.3	   
9134.3	   
9253.7	   
9374.3	   
9453.6	   
9591.9	   
9700.9	   
9799.2	   
9910.0	   
9974.4	   
10095.8	   
10124.9	   
9859.6	   
9770.2	   
9769.8	   
9890.8	   
9957.1	   
10044.5	   
10137.7	   
10233.4	   
10393.2	   
10523.5	   
10651.4	   
10754.5	   
10827.9	   
10959.7	   
11030.6	   
11119.8	   
11222.6	   
11351.1	   
11414.3	   
11518.7	   
11653.3	   
11728.5	   
11870.7	   
12002.0	   
12120.2	   
12112.7	 
