265.934
262.018
263.273
260.750
272.057
270.738
267.707
272.657
282.478
283.322
276.248
275.992
281.764
295.683
294.353
302.862
314.480
321.536
313.567
310.045
318.800
316.748
319.255
333.300
356.864
359.575
341.564
328.208
355.405
356.912
350.765
358.993
378.859
379.093
390.200
407.674
414.495
404.730
405.976
404.850
383.953
391.780
398.441
400.133
405.402
420.210
439.059
442.974
424.080
423.430
434.355
429.140
422.903
430.302
424.745
437.773
455.936
470.107
476.668
509.423
549.433
555.518
557.215
611.853
676.769
597.898
633.093
631.557
600.150
586.648
626.825
629.513
630.352
665.103
655.891
680.008
668.310
655.714
665.266
664.530
710.645
754.480
808.311
803.618
887.784
924.283
971.055
911.600
889.125
889.536
941.167
840.388
824.920
812.815
757.850
819.940
857.726
939.763
925.989
892.663
926.855
947.807
934.272
949.500
996.443
1043.511
1126.119
1135.012
1119.575
1095.800
1115.554
1148.475
1204.321
1232.382
1196.000
1213.464
1271.461
1343.190
1371.784
1393.512
1360.475
1371.313
1422.848
1474.431
1512.188
1528.380
1568.526
1759.500
1780.648
1667.893
1735.977
1652.725
1656.095
1743.095
1675.057
1648.539
1585.114
1595.632
1592.784
1625.682
1741.925
1746.348
1724.352
1687.342
