6.760000 
6.760000 
6.760000 
6.730000 
6.730000 
6.710000 
6.710000 
6.710000 
6.690000 
6.690000 
6.690000 
6.690000 
6.690000 
6.690000 
6.690000 
6.690000 
6.690000 
6.670000 
6.640000 
6.600000 
6.510000 
6.440000 
6.360000 
6.290000 
6.270000 
6.270000 
6.380000 
6.490000 
6.760000 
7.040000 
7.440000 
7.870000 
8.270000 
8.670000 
8.800000 
8.910000 
8.640000 
8.360000 
7.870000 
7.360000 
6.980000 
6.600000 
6.490000 
6.360000 
6.360000 
6.360000 
6.380000 
6.400000 
6.420000 
6.440000 
6.470000 
6.490000 
6.510000 
6.530000 
6.560000 
6.580000 
6.580000 
6.580000 
6.580000 
6.580000 
6.580000 
6.580000 
6.580000 
6.580000 
6.580000 
6.600000 
6.600000 
6.600000 
6.600000 
6.600000 
6.600000 
6.620000 
6.640000 
6.670000 
6.670000 
6.670000 
6.640000 
6.640000 
6.640000 
6.670000 
6.670000 
6.690000 
6.690000 
6.690000 
6.690000 
6.690000 
6.690000 
6.710000 
6.710000 
6.730000 
6.730000 
6.730000 
6.730000 
6.760000 
6.760000 
6.760000 
6.760000 
6.760000 
6.760000 
6.760000 
6.760000 
6.760000 
6.760000 
6.760000 
6.760000 
6.760000 
6.760000 
6.760000 
6.760000 
6.780000 
6.780000 
6.800000 
6.800000 
6.800000 
6.820000 
6.820000 
6.820000 
6.800000 
6.800000 
6.800000 
6.800000 
6.800000 
6.800000 
6.800000 
6.800000 
6.780000 
6.760000 
6.760000 
6.760000 
6.760000 
6.760000 
6.760000 
6.760000 
6.760000 
6.760000 
6.760000 
6.760000 
6.760000 
6.760000 
6.760000 
6.760000 
6.730000 
6.730000 
6.730000 
6.730000 
6.760000 
6.760000 
6.760000 
6.730000 
6.710000 
6.710000 
6.710000 
6.730000 
6.760000 
6.760000 
6.760000 
6.760000 
6.760000 
6.760000 
6.760000 
6.760000 
6.760000 
6.760000 
6.760000 
6.760000 
6.760000 
6.760000 
6.760000 
6.760000 
6.760000 
6.760000 
6.760000 
6.760000 
6.760000 
6.760000 
6.780000 
6.780000 
6.800000 
6.820000 
6.820000 
6.820000 
6.820000 
6.820000 
6.820000 
6.820000 
6.840000 
6.840000 
6.870000 
6.870000 
6.890000 
6.890000 
6.890000 
6.890000 
6.890000 
6.890000 
6.890000 
6.870000 
6.840000 
6.820000 
6.800000 
6.780000 
6.780000 
6.760000 
6.760000 
6.760000 
6.760000 
6.760000 
6.730000 
6.730000 
6.710000 
6.710000 
6.690000 
6.690000 
6.690000 
6.690000 
6.690000 
6.690000 
6.690000 
6.690000 
6.690000 
6.690000 
6.690000 
6.670000 
6.640000 
6.580000 
6.510000 
6.400000 
6.310000 
6.240000 
6.200000 
6.240000 
6.310000 
6.490000 
6.670000 
7.000000 
7.310000 
7.760000 
8.200000 
8.530000 
8.840000 
8.780000 
8.730000 
8.290000 
7.870000 
7.380000 
6.910000 
6.670000 
6.420000 
6.380000 
6.310000 
6.310000 
6.310000 
6.330000 
6.360000 
6.380000 
6.420000 
6.420000 
6.440000 
6.470000 
6.470000 
6.490000 
6.510000 
6.510000 
6.510000 
6.510000 
6.510000 
6.510000 
6.510000 
6.510000 
6.510000 
6.510000 
6.510000 
6.510000 
6.510000 
6.510000 
6.510000 
6.510000 
6.510000 
6.510000 
6.530000 
6.530000 
6.560000 
6.560000 
6.560000 
6.560000 
6.560000 
6.560000 
6.560000 
6.580000 
6.580000 
6.580000 
6.580000 
6.600000 
6.600000 
6.620000 
6.640000 
6.670000 
6.670000 
6.670000 
6.690000 
6.690000 
6.690000 
6.710000 
6.710000 
6.730000 
6.760000 
6.760000 
6.760000 
6.760000 
6.760000 
6.760000 
6.760000 
6.780000 
6.780000 
6.800000 
6.800000 
6.800000 
6.800000 
6.800000 
6.800000 
6.820000 
6.820000 
6.820000 
6.820000 
6.820000 
6.820000 
6.820000 
6.820000 
6.820000 
6.820000 
6.820000 
6.820000 
6.820000 
6.820000 
6.820000 
6.820000 
6.800000 
6.800000 
6.800000 
6.780000 
6.780000 
6.760000 
6.760000 
6.760000 
6.760000 
6.760000 
6.760000 
6.760000 
6.760000 
6.760000 
6.760000 
6.760000 
6.760000 
6.760000 
6.760000 
6.760000 
6.730000 
6.730000 
6.710000 
6.710000 
6.690000 
6.690000 
6.690000 
6.690000 
6.690000 
6.710000 
6.710000 
6.710000 
6.710000 
6.710000 
6.730000 
6.760000 
6.760000 
6.760000 
6.760000 
6.760000 
6.760000 
6.760000 
6.760000 
6.760000 
6.780000 
6.780000 
6.800000 
6.820000 
6.820000 
6.820000 
6.820000 
6.820000 
6.820000 
6.840000 
6.840000 
6.870000 
6.870000 
6.890000 
6.890000 
6.910000 
6.910000 
6.910000 
6.910000 
6.910000 
6.890000 
6.870000 
6.840000 
6.820000 
6.800000 
6.800000 
6.780000 
6.780000 
6.760000 
6.760000 
6.760000 
6.760000 
6.760000 
6.760000 
6.760000 
6.730000 
6.730000 
6.710000 
6.710000 
6.690000 
6.710000 
6.710000 
6.710000 
6.710000 
6.710000 
6.710000 
6.710000 
6.690000 
6.690000 
6.670000 
6.600000 
6.530000 
6.420000 
6.330000 
6.270000 
6.220000 
6.310000 
6.380000 
6.600000 
6.840000 
7.220000 
7.600000 
8.040000 
8.470000 
8.690000 
8.910000 
8.730000 
8.560000 
8.090000 
7.620000 
7.180000 
6.760000 
6.580000 
6.400000 
6.380000 
6.360000 
6.380000 
6.400000 
6.400000 
6.420000 
6.440000 
6.470000 
6.490000 
6.530000 
6.560000 
6.580000 
6.580000 
6.580000 
6.580000 
6.580000 
6.580000 
6.580000 
6.580000 
6.580000 
6.580000 
6.580000 
6.580000 
6.580000 
6.580000 
6.580000 
6.600000 
6.620000 
6.620000 
6.640000 
6.640000 
6.670000 
6.670000 
6.690000 
6.690000 
6.690000 
6.690000 
6.690000 
6.690000 
6.690000 
6.690000 
6.690000 
6.710000 
6.710000 
6.730000 
6.760000 
6.760000 
6.760000 
6.760000 
6.760000 
6.760000 
6.760000 
6.760000 
6.760000 
6.760000 
6.760000 
6.760000 
6.780000 
6.780000 
6.800000 
6.820000 
6.820000 
6.820000 
6.820000 
6.820000 
6.820000 
6.840000 
6.870000 
6.870000 
6.890000 
6.890000 
6.890000 
6.890000 
6.890000 
6.910000 
6.930000 
6.930000 
6.960000 
6.930000 
6.930000 
6.930000 
6.930000 
6.930000 
6.930000 
6.930000 
6.930000 
6.910000 
6.890000 
6.890000 
6.870000 
6.870000 
6.870000 
6.870000 
6.870000 
6.840000 
6.820000 
6.820000 
6.800000 
6.800000 
6.820000 
6.820000 
6.820000 
6.820000 
6.820000 
6.820000 
6.820000 
6.820000 
6.820000 
6.820000 
6.820000 
6.800000 
6.800000 
6.800000 
6.800000 
6.800000 
6.800000 
6.820000 
6.820000 
6.820000 
6.800000 
6.800000 
6.780000 
6.780000 
6.760000 
6.780000 
6.780000 
6.800000 
6.800000 
6.820000 
6.840000 
6.840000 
6.870000 
6.890000 
6.910000 
6.930000 
6.980000 
7.000000 
7.020000 
7.020000 
7.040000 
7.070000 
7.090000 
7.130000 
7.160000 
7.180000 
7.180000 
7.160000 
7.160000 
7.130000 
7.130000 
7.110000 
7.090000 
7.070000 
7.020000 
7.000000 
6.980000 
6.960000 
6.960000 
6.930000 
6.910000 
6.890000 
6.870000 
6.840000 
6.820000 
6.800000 
6.800000 
6.780000 
6.780000 
6.760000 
6.760000 
6.760000 
6.760000 
6.760000 
6.760000 
6.760000 
6.760000 
6.760000 
6.760000 
6.760000 
6.730000 
6.710000 
6.670000 
6.580000 
6.510000 
6.420000 
6.330000 
6.310000 
6.310000 
6.420000 
6.560000 
6.820000 
7.110000 
7.530000 
7.930000 
8.330000 
8.760000 
8.870000 
8.980000 
8.670000 
8.360000 
7.870000 
7.360000 
7.000000 
6.640000 
6.560000 
6.440000 
6.470000 
6.490000 
6.530000 
6.580000 
6.600000 
6.640000 
6.690000 
6.710000 
6.730000 
6.760000 
6.760000 
6.760000 
6.760000 
6.760000 
6.760000 
6.780000 
6.780000 
6.800000 
6.800000 
6.800000 
6.800000 
6.800000 
6.800000 
6.780000 
6.760000 
6.760000 
6.760000 
6.760000 
6.760000 
6.760000 
6.760000 
6.760000 
6.760000 
6.760000 
6.760000 
6.760000 
6.760000 
6.760000 
6.760000 
6.760000 
6.760000 
6.760000 
6.760000 
6.760000 
6.760000 
6.760000 
6.760000 
6.760000 
6.760000 
6.760000 
6.760000 
6.760000 
6.760000 
6.760000 
6.760000 
6.760000 
6.760000 
6.780000 
6.780000 
6.800000 
6.820000 
6.840000 
6.870000 
6.890000 
6.910000 
6.930000 
6.960000 
7.000000 
7.040000 
7.090000 
7.130000 
7.180000 
7.200000 
7.220000 
7.220000 
7.240000 
7.290000 
7.310000 
7.330000 
7.360000 
7.360000 
7.380000 
7.360000 
7.360000 
7.360000 
7.360000 
7.360000 
7.360000 
7.330000 
7.330000 
7.310000 
7.310000 
7.290000 
7.290000 
7.290000 
7.290000 
7.270000 
7.240000 
7.200000 
7.160000 
7.110000 
7.070000 
7.040000 
7.000000 
6.980000 
6.930000 
6.910000 
6.890000 
6.870000 
6.870000 
6.840000 
6.840000 
6.820000 
6.820000 
6.800000 
6.800000 
6.800000 
6.800000 
6.800000 
6.820000 
6.820000 
6.820000 
6.820000 
6.800000 
6.780000 
6.760000 
6.760000 
6.760000 
6.760000 
6.760000 
6.760000 
6.760000 
6.760000 
6.760000 
6.760000 
6.760000 
6.760000 
6.760000 
6.760000 
6.760000 
6.760000 
6.760000 
6.760000 
6.760000 
6.760000 
6.760000 
6.760000 
6.760000 
6.730000 
6.730000 
6.710000 
6.710000 
6.690000 
6.670000 
6.640000 
6.640000 
6.600000 
6.580000 
6.530000 
6.510000 
6.510000 
6.510000 
6.490000 
6.490000 
6.470000 
6.470000 
6.440000 
6.440000 
6.440000 
6.440000 
6.440000 
6.440000 
6.440000 
6.440000 
6.440000 
6.440000 
6.420000 
6.420000 
6.380000 
6.360000 
6.290000 
6.240000 
6.160000 
6.070000 
6.040000 
6.000000 
6.090000 
6.180000 
6.400000 
6.620000 
6.960000 
7.310000 
7.730000 
8.160000 
8.400000 
8.640000 
8.490000 
8.330000 
7.870000 
7.400000 
6.960000 
6.490000 
6.310000 
6.110000 
6.090000 
6.070000 
6.090000 
6.110000 
6.130000 
6.180000 
6.220000 
6.270000 
6.310000 
6.330000 
6.330000 
6.330000 
6.330000 
6.330000 
6.360000 
6.380000 
6.400000 
6.440000 
6.470000 
6.510000 
6.560000 
6.600000 
6.620000 
6.670000 
6.690000 
6.710000 
6.710000 
6.730000 
6.730000 
6.760000 
6.760000 
6.760000 
6.760000 
6.760000 
6.760000 
6.760000 
6.780000 
6.780000 
6.820000 
6.870000 
6.890000 
6.930000 
6.960000 
6.980000 
6.980000 
7.000000 
7.020000 
7.020000 
7.040000 
7.040000 
7.070000 
7.070000 
7.070000 
7.040000 
7.040000 
7.020000 
7.020000 
7.000000 
7.000000 
7.000000 
7.000000 
6.980000 
6.980000 
6.960000 
6.960000 
6.930000 
6.930000 
6.930000 
6.910000 
6.910000 
6.910000 
6.930000 
6.930000 
6.960000 
6.960000 
6.980000 
6.980000 
7.000000 
7.020000 
7.020000 
7.040000 
7.070000 
7.070000 
7.070000 
7.070000 
7.040000 
7.040000 
7.020000 
7.000000 
7.000000 
6.980000 
6.960000 
6.910000 
6.870000 
6.820000 
6.780000 
6.760000 
6.730000 
6.730000 
6.760000 
6.760000 
6.760000 
6.760000 
6.730000 
6.710000 
6.710000 
6.690000 
6.690000 
6.690000 
6.670000 
6.670000 
6.640000 
6.640000 
6.640000 
6.640000 
6.640000 
6.640000 
6.640000 
6.640000 
6.640000 
6.640000 
6.640000 
6.640000 
6.640000 
6.640000 
6.640000 
6.640000 
6.640000 
6.640000 
6.670000 
6.670000 
6.690000 
6.710000 
6.730000 
6.730000 
6.760000 
6.760000 
6.760000 
6.760000 
6.760000 
6.760000 
6.760000 
6.760000 
6.760000 
6.760000 
6.760000 
6.760000 
6.760000 
6.760000 
6.760000 
6.760000 
6.760000 
6.760000 
6.760000 
6.760000 
6.760000 
6.730000 
6.730000 
6.710000 
6.670000 
6.640000 
6.600000 
6.580000 
6.560000 
6.560000 
6.560000 
6.580000 
6.580000 
6.580000 
6.580000 
6.580000 
6.580000 
6.580000 
6.580000 
6.580000 
6.580000 
6.580000 
6.580000 
6.560000 
6.560000 
6.510000 
6.490000 
6.400000 
6.330000 
6.240000 
6.180000 
6.200000 
6.220000 
6.400000 
6.580000 
6.910000 
7.270000 
7.710000 
8.160000 
8.490000 
8.820000 
8.800000 
8.780000 
8.380000 
8.000000 
7.490000 
6.980000 
6.690000 
6.420000 
6.360000 
6.310000 
6.330000 
6.360000 
6.360000 
6.380000 
6.400000 
6.420000 
6.440000 
6.440000 
6.470000 
6.490000 
6.490000 
6.510000 
6.510000 
6.510000 
6.490000 
6.490000 
6.490000 
6.490000 
6.510000 
6.510000 
6.510000 
6.510000 
6.510000 
6.510000 
6.510000 
6.510000 
6.510000 
6.530000 
6.530000 
6.530000 
6.530000 
6.530000 
6.530000 
6.560000 
6.560000 
6.580000 
6.580000 
6.580000 
6.580000 
6.580000 
6.580000 
6.580000 
6.580000 
6.580000 
6.580000 
6.580000 
6.580000 
6.580000 
6.580000 
6.580000 
6.600000 
6.620000 
6.640000 
6.670000 
6.670000 
6.670000 
6.670000 
6.690000 
6.690000 
6.710000 
6.730000 
6.760000 
6.760000 
6.760000 
6.760000 
6.760000 
6.760000 
6.760000 
6.760000 
6.760000 
6.760000 
6.760000 
6.760000 
6.760000 
6.760000 
6.760000 
6.760000 
6.760000 
6.760000 
6.760000 
6.760000 
6.760000 
6.760000 
6.760000 
6.760000 
6.730000 
6.730000 
6.710000 
6.710000 
6.690000 
6.690000 
6.690000 
6.690000 
6.690000 
6.690000 
6.690000 
6.670000 
6.640000 
6.600000 
6.580000 
6.580000 
6.560000 
6.560000 
6.580000 
6.560000 
6.560000 
6.560000 
6.530000 
6.530000 
6.530000 
6.530000 
6.530000 
6.510000 
6.510000 
6.490000 
6.470000 
6.470000 
6.470000 
6.470000 
6.490000 
6.490000 
6.490000 
6.490000 
6.510000 
6.510000 
6.510000 
6.530000 
6.530000 
6.560000 
6.580000 
6.580000 
6.580000 
6.580000 
6.580000 
6.600000 
6.600000 
6.620000 
6.640000 
6.670000 
6.690000 
6.710000 
6.730000 
6.730000 
6.760000 
6.760000 
6.760000 
6.760000 
6.760000 
6.760000 
6.760000 
6.760000 
6.760000 
6.760000 
6.730000 
6.730000 
6.710000 
6.710000 
6.690000 
6.690000 
6.690000 
6.690000 
6.690000 
6.690000 
6.690000 
6.690000 
6.690000 
6.690000 
6.690000 
6.690000 
6.670000 
6.670000 
6.640000 
6.640000 
6.640000 
6.640000 
6.640000 
6.620000 
6.620000 
6.560000 
6.510000 
6.420000 
6.330000 
6.270000 
6.200000 
6.240000 
6.270000 
6.420000 
6.600000 
6.910000 
7.240000 
7.670000 
8.110000 
8.440000 
8.780000 
8.760000 
8.710000 
8.290000 
7.890000 
7.380000 
6.890000 
6.620000 
6.330000 
6.290000 
6.240000 
6.240000 
6.270000 
6.270000 
6.290000 
6.310000 
6.330000 
6.330000 
6.360000 
6.380000 
6.380000 
6.400000 
6.400000 
6.400000 
6.420000 
6.420000 
6.440000 
6.440000 
6.440000 
6.420000 
6.420000 
6.420000 
6.420000 
6.440000 
6.440000 
6.440000 
6.440000 
6.440000 
6.470000 
6.470000 
6.490000 
6.490000 
6.510000 
6.510000 
6.510000 
6.510000 
6.510000 
6.510000 
6.510000 
6.510000 
6.530000 
6.530000 
6.560000 
6.560000 
6.560000 
6.560000 
6.580000 
6.580000 
6.580000 
6.580000 
6.580000 
6.580000 
6.580000 
6.580000 
6.600000 
6.620000 
6.670000 
6.670000 
6.690000 
6.690000 
6.690000 
6.690000 
6.690000 
6.690000 
6.710000 
6.710000 
6.730000 
6.730000 
6.730000 
6.730000 
6.730000 
6.730000 
6.760000 
6.760000 
6.760000 
6.760000 
6.760000 
6.760000 
6.760000 
6.760000 
6.760000 
6.760000 
6.760000 
6.730000 
6.730000 
6.710000 
6.690000 
6.670000 
6.640000 
6.620000 
6.600000 
6.580000 
6.560000 
6.530000 
6.510000 
6.510000 
6.510000 
6.510000 
6.510000 
6.510000 
6.510000 
6.510000 
6.510000 
6.510000 
6.510000 
6.510000 
6.510000 
6.490000 
6.490000 
6.470000 
6.470000 
6.440000 
6.440000 
6.440000 
6.470000 
6.470000 
6.490000 
6.490000 
6.490000 
6.490000 
6.510000 
6.510000 
6.530000 
6.560000 
6.560000 
6.580000 
6.580000 
6.580000 
6.580000 
6.580000 
6.580000 
6.580000 
6.580000 
6.580000 
6.580000 
6.580000 
6.580000 
6.580000 
6.580000 
6.600000 
6.640000 
6.670000 
6.690000 
6.690000 
6.710000 
6.710000 
6.730000 
6.730000 
6.730000 
6.710000 
6.690000 
6.640000 
6.600000 
6.580000 
6.560000 
6.530000 
6.510000 
6.490000 
6.470000 
6.420000 
6.400000 
6.380000 
6.360000 
6.330000 
6.310000 
6.290000 
6.270000 
6.220000 
6.200000 
6.200000 
6.220000 
6.240000 
6.270000 
6.270000 
6.270000 
6.270000 
6.270000 
6.240000 
6.240000 
6.160000 
6.090000 
6.000000 
5.890000 
5.840000 
5.820000 
5.890000 
5.980000 
6.220000 
6.440000 
6.800000 
7.180000 
7.560000 
7.960000 
8.130000 
8.310000 
8.110000 
7.890000 
7.420000 
6.960000 
6.560000 
6.130000 
5.980000 
5.800000 
5.780000 
5.760000 
5.800000 
5.820000 
5.870000 
5.910000 
5.960000 
6.000000 
6.040000 
6.090000 
6.160000 
6.220000 
6.290000 
6.360000 
6.380000 
6.400000 
6.420000 
6.420000 
6.440000 
6.470000 
6.490000 
6.510000 
6.510000 
6.510000 
6.510000 
6.490000 
6.490000 
6.470000 
6.470000 
6.440000 
6.440000 
6.440000 
6.440000 
6.440000 
6.440000 
6.440000 
6.440000 
6.440000 
6.440000 
6.470000 
6.470000 
6.490000 
6.510000 
6.530000 
6.560000 
6.600000 
6.620000 
6.640000 
6.640000 
6.670000 
6.690000 
6.710000 
6.730000 
6.760000 
6.760000 
6.760000 
6.760000 
6.780000 
6.800000 
6.820000 
6.840000 
6.890000 
6.910000 
6.930000 
6.960000 
6.980000 
6.980000 
7.000000 
7.000000 
7.000000 
7.000000 
7.000000 
7.000000 
6.980000 
6.980000 
6.980000 
7.000000 
7.000000 
7.020000 
7.020000 
7.000000 
6.980000 
7.000000 
7.000000 
7.070000 
7.130000 
7.160000 
7.160000 
7.110000 
7.040000 
7.000000 
6.980000 
7.020000 
7.070000 
7.290000 
7.530000 
7.760000 
8.000000 
8.000000 
8.000000 
7.870000 
7.760000 
7.670000 
7.580000 
7.510000 
7.420000 
7.400000 
7.360000 
7.360000 
7.330000 
7.330000 
7.330000 
7.360000 
7.360000 
7.380000 
7.380000 
7.400000 
7.400000 
7.420000 
7.440000 
7.470000 
7.510000 
7.560000 
7.620000 
7.800000 
7.980000 
8.270000 
8.530000 
8.640000 
8.780000 
8.640000 
8.530000 
8.330000 
8.160000 
8.200000 
8.240000 
8.560000 
8.890000 
9.110000 
9.330000 
9.240000 
9.160000 
8.870000 
8.580000 
8.240000 
7.910000 
7.710000 
7.510000 
7.490000 
7.440000 
7.400000 
7.360000 
7.290000 
7.220000 
7.200000 
7.200000 
7.240000 
7.290000 
7.310000 
7.330000 
7.310000 
7.310000 
7.290000 
7.270000 
7.240000 
7.200000 
7.180000 
7.160000 
7.130000 
7.110000 
7.070000 
7.020000 
6.980000 
6.930000 
6.910000 
6.890000 
6.870000 
6.870000 
6.800000 
6.760000 
6.690000 
6.620000 
6.580000 
6.530000 
6.560000 
6.580000 
6.710000 
6.870000 
7.160000 
7.440000 
7.840000 
8.220000 
8.470000 
8.710000 
8.530000 
8.380000 
7.870000 
7.360000 
6.870000 
6.380000 
6.160000 
5.960000 
5.890000 
5.800000 
5.730000 
5.690000 
5.690000 
5.690000 
5.760000 
5.800000 
5.870000 
5.910000 
5.980000 
6.020000 
6.000000 
6.000000 
5.960000 
5.910000 
5.910000 
5.930000 
5.980000 
6.040000 
6.070000 
6.090000 
6.110000 
6.130000 
6.180000 
6.220000 
6.240000 
6.270000 
6.270000 
6.270000 
6.220000 
6.200000 
6.180000 
6.130000 
6.110000 
6.070000 
6.020000 
5.980000 
5.930000 
5.910000 
5.870000 
5.840000 
5.800000 
5.760000 
5.710000 
5.640000 
5.600000 
5.560000 
5.490000 
5.440000 
5.400000 
5.360000 
5.310000 
5.290000 
5.290000 
5.290000 
5.290000 
5.290000 
5.310000 
5.330000 
5.360000 
5.380000 
5.380000 
5.380000 
5.380000 
5.380000 
5.380000 
5.400000 
5.420000 
5.440000 
5.440000 
5.470000 
5.510000 
5.530000 
5.580000 
5.620000 
5.690000 
5.730000 
5.760000 
5.800000 
5.800000 
5.820000 
5.840000 
5.870000 
5.890000 
5.910000 
5.930000 
5.930000 
5.960000 
5.980000 
6.000000 
6.020000 
6.020000 
6.040000 
6.070000 
6.070000 
6.090000 
6.130000 
6.160000 
6.200000 
6.220000 
6.270000 
6.240000 
6.240000 
6.220000 
6.200000 
6.200000 
6.200000 
6.200000 
6.200000 
6.160000 
6.130000 
6.040000 
5.980000 
5.910000 
5.870000 
5.910000 
5.980000 
6.090000 
6.220000 
6.200000 
6.180000 
6.040000 
5.930000 
5.870000 
5.820000 
5.820000 
5.820000 
5.820000 
5.820000 
5.780000 
5.760000 
5.690000 
5.640000 
5.560000 
5.490000 
5.420000 
5.330000 
5.290000 
5.270000 
5.290000 
5.310000 
5.310000 
5.310000 
5.330000 
5.330000 
5.510000 
5.690000 
5.960000 
6.220000 
6.360000 
6.510000 
6.510000 
6.530000 
6.510000 
6.490000 
6.490000 
6.510000 
6.560000 
6.620000 
6.670000 
6.710000 
6.760000 
6.780000 
6.800000 
6.840000 
6.840000 
6.870000 
6.840000 
6.820000 
6.800000 
6.760000 
6.760000 
6.730000 
6.730000 
6.730000 
6.730000 
6.710000 
6.670000 
6.640000 
6.600000 
6.530000 
6.490000 
6.470000 
6.510000 
6.580000 
6.760000 
6.930000 
7.200000 
7.470000 
7.870000 
8.270000 
8.710000 
9.180000 
9.310000 
9.440000 
9.160000 
8.870000 
8.490000 
8.090000 
7.910000 
7.760000 
7.780000 
7.800000 
7.890000 
7.980000 
8.130000 
8.290000 
8.620000 
8.930000 
9.560000 
10.160000 
10.820000 
11.470000 
11.600000 
11.730000 
11.330000 
10.910000 
10.490000 
10.090000 
9.980000 
9.870000 
9.840000 
9.840000 
9.760000 
9.640000 
9.490000 
9.330000 
9.200000 
9.070000 
8.980000 
8.910000 
8.820000 
8.760000 
8.670000 
8.580000 
8.490000 
8.400000 
8.330000 
8.270000 
8.220000 
8.180000 
8.130000 
8.070000 
8.020000 
7.960000 
7.910000 
7.870000 
7.820000 
7.780000 
7.710000 
7.670000 
7.580000 
7.510000 
7.420000 
7.330000 
7.270000 
7.180000 
7.110000 
7.040000 
6.980000 
6.930000 
6.870000 
6.800000 
6.780000 
6.730000 
6.710000 
6.690000 
6.640000 
6.600000 
6.560000 
6.510000 
6.510000 
6.490000 
6.470000 
6.470000 
6.420000 
6.400000 
6.380000 
6.330000 
6.330000 
6.310000 
6.290000 
6.270000 
6.220000 
6.180000 
6.130000 
6.110000 
6.090000 
6.070000 
6.040000 
6.020000 
6.000000 
5.980000 
5.960000 
5.930000 
5.910000 
5.890000 
5.890000 
5.890000 
5.870000 
5.840000 
5.820000 
5.780000 
5.780000 
5.780000 
5.780000 
5.800000 
5.800000 
5.800000 
5.780000 
5.780000 
5.780000 
5.780000 
5.780000 
5.780000 
5.800000 
5.800000 
5.800000 
5.800000 
5.780000 
5.780000 
5.780000 
5.760000 
5.760000 
5.730000 
5.730000 
5.710000 
5.710000 
5.710000 
5.710000 
5.730000 
5.730000 
5.760000 
5.760000 
5.780000 
5.800000 
5.820000 
5.840000 
5.890000 
5.930000 
6.000000 
6.070000 
6.130000 
6.180000 
6.220000 
6.220000 
6.240000 
6.270000 
6.290000 
6.310000 
6.330000 
6.330000 
6.330000 
6.310000 
6.310000 
6.310000 
6.330000 
6.360000 
6.360000 
6.360000 
6.360000 
6.330000 
6.330000 
6.330000 
6.330000 
6.310000 
6.310000 
6.290000 
6.290000 
6.270000 
6.270000 
6.270000 
6.240000 
6.220000 
6.180000 
6.130000 
6.090000 
6.070000 
6.040000 
6.020000 
6.000000 
5.930000 
5.890000 
5.780000 
5.670000 
5.600000 
5.510000 
5.560000 
5.600000 
5.780000 
5.980000 
6.330000 
6.710000 
7.200000 
7.690000 
8.040000 
8.400000 
8.380000 
8.330000 
7.910000 
7.490000 
7.020000 
6.560000 
6.330000 
6.130000 
6.110000 
6.110000 
6.130000 
6.130000 
6.130000 
6.130000 
6.200000 
6.270000 
6.380000 
6.510000 
6.580000 
6.670000 
6.690000 
6.730000 
6.760000 
6.780000 
6.800000 
6.800000 
6.800000 
6.800000 
6.800000 
6.780000 
6.780000 
6.760000 
6.780000 
6.780000 
6.780000 
6.800000 
6.780000 
6.780000 
6.760000 
6.760000 
6.780000 
6.800000 
6.820000 
6.840000 
6.840000 
6.840000 
6.800000 
6.780000 
6.780000 
6.780000 
6.800000 
6.840000 
6.890000 
6.960000 
6.930000 
6.930000 
6.870000 
6.800000 
6.760000 
6.710000 
6.710000 
6.710000 
6.760000 
6.800000 
6.840000 
6.890000 
6.910000 
6.930000 
6.910000 
6.890000 
6.820000 
6.780000 
6.730000 
6.710000 
6.710000 
6.710000 
6.730000 
6.760000 
6.780000 
6.820000 
6.820000 
6.840000 
6.840000 
6.870000 
6.890000 
6.890000 
6.910000 
6.930000 
7.000000 
7.070000 
7.200000 
7.330000 
7.510000 
7.690000 
7.870000 
8.040000 
8.220000 
8.420000 
8.640000 
8.890000 
9.070000 
9.270000 
9.360000 
9.470000 
9.530000 
9.600000 
9.690000 
9.760000 
9.840000 
9.910000 
9.960000 
10.020000 
10.000000 
10.000000 
9.930000 
9.890000 
9.820000 
9.760000 
9.690000 
9.600000 
9.530000 
9.440000 
9.380000 
9.330000 
9.270000 
9.200000 
9.130000 
9.040000 
8.980000 
8.910000 
8.840000 
8.760000 
8.710000 
8.640000 
8.600000 
8.560000 
8.510000 
8.470000 
8.420000 
8.380000 
8.310000 
8.270000 
8.200000 
8.160000 
8.090000 
8.040000 
8.000000 
7.960000 
7.930000 
7.910000 
7.870000 
7.840000 
7.780000 
7.730000 
7.670000 
7.620000 
7.560000 
7.510000 
7.490000 
7.440000 
7.420000 
7.400000 
7.380000 
7.330000 
7.290000 
7.270000 
7.240000 
7.220000 
7.220000 
7.240000 
7.240000 
7.240000 
7.220000 
7.180000 
7.160000 
7.130000 
7.110000 
7.090000 
7.040000 
7.020000 
6.980000 
6.930000 
6.890000 
6.870000 
6.820000 
6.800000 
6.760000 
6.690000 
6.600000 
6.490000 
6.380000 
6.240000 
6.180000 
6.110000 
6.160000 
6.200000 
6.380000 
6.560000 
6.890000 
7.220000 
7.620000 
8.020000 
8.240000 
8.490000 
8.310000 
8.160000 
7.690000 
7.240000 
6.780000 
6.310000 
6.040000 
5.780000 
5.690000 
5.580000 
5.530000 
5.490000 
5.490000 
5.490000 
5.510000 
5.560000 
5.600000 
5.620000 
5.670000 
5.710000 
5.760000 
5.800000 
5.840000 
5.870000 
5.870000 
5.870000 
5.870000 
5.840000 
5.870000 
5.890000 
5.910000 
5.910000 
5.910000 
5.910000 
5.910000 
5.910000 
5.910000 
5.930000 
5.930000 
5.930000 
5.910000 
5.890000 
5.870000 
5.820000 
5.800000 
5.760000 
5.760000 
5.730000 
5.730000 
5.760000 
5.730000 
5.730000 
5.730000 
5.730000 
5.760000 
5.800000 
5.800000 
5.800000 
5.730000 
5.690000 
5.640000 
5.600000 
5.580000 
5.580000 
5.560000 
5.560000 
5.510000 
5.490000 
5.490000 
5.470000 
5.470000 
5.470000 
5.470000 
5.470000 
5.470000 
5.470000 
5.490000 
5.490000 
5.560000 
5.600000 
5.710000 
5.820000 
5.960000 
6.110000 
6.400000 
6.670000 
7.070000 
7.440000 
7.690000 
7.930000 
7.980000 
8.020000 
8.000000 
7.960000 
7.870000 
7.760000 
7.640000 
7.510000 
7.420000 
7.330000 
7.220000 
7.130000 
7.020000 
6.910000 
6.710000 
6.510000 
6.270000 
6.000000 
5.910000 
5.840000 
6.020000 
6.200000 
6.490000 
6.800000 
7.090000 
7.400000 
7.600000 
7.780000 
7.800000 
7.820000 
7.760000 
7.690000 
7.600000 
7.510000 
7.420000 
7.330000 
7.270000 
7.180000 
7.130000 
7.090000 
7.090000 
7.070000 
7.090000 
7.090000 
7.160000 
7.220000 
7.290000 
7.360000 
7.360000 
7.360000 
7.330000 
7.310000 
7.290000 
7.290000 
7.310000 
7.330000 
7.400000 
7.470000 
7.560000 
7.640000 
7.800000 
7.930000 
8.110000 
8.290000 
8.360000 
8.420000 
8.360000 
8.270000 
8.160000 
8.040000 
7.910000 
7.800000 
7.690000 
7.580000 
7.470000 
7.360000 
7.200000 
7.040000 
6.890000 
6.760000 
6.690000 
6.640000 
6.600000 
6.580000 
6.530000 
6.510000 
6.510000 
6.510000 
6.510000 
6.510000 
6.510000 
6.510000 
6.490000 
6.470000 
6.420000 
6.380000 
6.310000 
6.240000 
6.160000 
6.070000 
5.960000 
5.870000 
5.820000 
5.780000 
5.870000 
5.960000 
6.200000 
6.440000 
6.800000 
7.180000 
7.580000 
7.980000 
8.130000 
8.310000 
8.090000 
7.890000 
7.380000 
6.870000 
6.400000 
5.930000 
5.710000 
5.510000 
5.470000 
5.440000 
5.470000 
5.470000 
5.490000 
5.510000 
5.510000 
5.530000 
5.530000 
5.530000 
5.530000 
5.530000 
5.530000 
5.510000 
5.510000 
5.490000 
5.470000 
5.470000 
5.470000 
5.470000 
5.470000 
5.470000 
5.470000 
5.470000 
5.470000 
5.470000 
5.490000 
5.490000 
5.510000 
5.530000 
5.530000 
5.530000 
5.560000 
5.560000 
5.600000 
5.640000 
5.690000 
5.730000 
5.760000 
5.780000 
5.780000 
5.780000 
5.800000 
5.800000 
5.820000 
5.820000 
5.840000 
5.840000 
5.840000 
5.840000 
5.870000 
5.870000 
5.890000 
5.910000 
5.930000 
5.960000 
5.980000 
6.000000 
6.040000 
6.110000 
6.160000 
6.220000 
6.240000 
6.290000 
6.290000 
6.310000 
6.310000 
6.330000 
6.330000 
6.360000 
6.380000 
6.380000 
6.380000 
6.380000 
6.380000 
6.360000 
6.360000 
6.360000 
6.360000 
6.360000 
6.360000 
6.330000 
6.330000 
6.330000 
6.330000 
6.330000 
6.310000 
6.310000 
6.290000 
6.290000 
6.270000 
6.270000 
6.240000 
6.220000 
6.220000 
6.220000 
6.200000 
6.200000 
6.200000 
6.200000 
6.180000 
6.180000 
6.160000 
6.160000 
6.160000 
6.160000 
6.160000 
6.130000 
6.130000 
6.110000 
6.130000 
6.130000 
6.130000 
6.160000 
6.160000 
6.160000 
6.160000 
6.180000 
6.180000 
6.200000 
6.200000 
6.200000 
6.180000 
6.160000 
6.130000 
6.110000 
6.130000 
6.130000 
6.130000 
6.160000 
6.160000 
6.160000 
6.160000 
6.160000 
6.180000 
6.200000 
6.200000 
6.220000 
6.220000 
6.220000 
6.240000 
6.270000 
6.290000 
6.310000 
6.310000 
6.330000 
6.330000 
6.330000 
6.310000 
6.310000 
6.310000 
6.290000 
6.290000 
6.290000 
6.270000 
6.270000 
6.240000 
6.220000 
6.220000 
6.200000 
6.200000 
6.200000 
6.200000 
6.180000 
6.160000 
6.110000 
6.090000 
6.070000 
6.090000 
6.090000 
6.110000 
6.130000 
6.160000 
6.160000 
6.160000 
6.180000 
6.180000 
6.200000 
6.180000 
6.180000 
6.110000 
6.040000 
5.960000 
5.870000 
5.820000 
5.800000 
5.890000 
5.980000 
6.220000 
6.440000 
6.820000 
7.220000 
7.620000 
8.040000 
8.240000 
8.420000 
8.220000 
8.000000 
7.510000 
7.020000 
6.580000 
6.160000 
5.980000 
5.820000 
5.820000 
5.820000 
5.840000 
5.870000 
5.890000 
5.930000 
5.960000 
6.000000 
6.020000 
6.040000 
6.070000 
6.090000 
6.090000 
6.090000 
6.090000 
6.090000 
6.090000 
6.090000 
6.090000 
6.090000 
6.090000 
6.090000 
6.110000 
6.110000 
6.130000 
6.180000 
6.180000 
6.200000 
6.200000 
6.200000 
6.200000 
6.220000 
6.240000 
6.270000 
6.270000 
6.270000 
6.290000 
6.290000 
6.310000 
6.310000 
6.330000 
6.360000 
6.360000 
6.360000 
6.360000 
6.360000 
6.360000 
6.360000 
6.360000 
6.380000 
6.380000 
6.400000 
6.400000 
6.400000 
6.380000 
6.380000 
6.380000 
6.380000 
6.380000 
6.400000 
6.400000 
6.400000 
6.400000 
6.400000 
6.420000 
6.440000 
6.440000 
6.470000 
6.440000 
6.440000 
6.440000 
6.440000 
6.470000 
6.490000 
6.510000 
6.510000 
6.510000 
6.530000 
6.530000 
6.530000 
6.560000 
6.560000 
6.580000 
6.580000 
6.580000 
6.580000 
6.580000 
6.580000 
6.580000 
6.580000 
6.600000 
6.600000 
6.600000 
6.600000 
6.560000 
6.530000 
6.510000 
6.510000 
6.490000 
6.490000 
6.470000 
6.470000 
6.440000 
6.440000 
6.440000 
6.440000 
6.440000 
6.440000 
6.440000 
6.440000 
6.440000 
6.470000 
6.470000 
6.470000 
6.470000 
6.470000 
6.470000 
6.470000 
6.470000 
6.470000 
6.490000 
6.490000 
6.510000 
6.530000 
6.560000 
6.580000 
6.580000 
6.580000 
6.580000 
6.580000 
6.600000 
6.600000 
6.600000 
6.600000 
6.580000 
6.560000 
6.560000 
6.560000 
6.580000 
6.600000 
6.620000 
6.640000 
6.670000 
6.690000 
6.690000 
6.710000 
6.710000 
6.730000 
6.730000 
6.730000 
6.710000 
6.690000 
6.670000 
6.640000 
6.620000 
6.620000 
6.600000 
6.600000 
6.580000 
6.580000 
6.560000 
6.560000 
6.530000 
6.530000 
6.510000 
6.510000 
6.510000 
6.510000 
6.510000 
6.510000 
6.510000 
6.530000 
6.530000 
6.560000 
6.580000 
6.580000 
6.560000 
6.560000 
6.490000 
6.440000 
6.330000 
6.240000 
6.160000 
6.070000 
6.070000 
6.040000 
6.180000 
6.290000 
6.600000 
6.890000 
7.330000 
7.780000 
8.180000 
8.560000 
8.620000 
8.690000 
8.380000 
8.040000 
7.560000 
7.070000 
6.760000 
6.440000 
6.380000 
6.310000 
6.330000 
6.360000 
6.380000 
6.420000 
6.490000 
6.560000 
6.600000 
6.640000 
6.670000 
6.710000 
6.710000 
6.730000 
6.730000 
6.760000 
6.760000 
6.760000 
6.760000 
6.760000 
6.760000 
6.760000 
6.760000 
6.760000 
6.780000 
6.780000 
6.800000 
6.820000 
6.870000 
6.890000 
6.930000 
6.980000 
7.020000 
7.070000 
7.110000 
7.180000 
7.200000 
7.240000 
7.240000 
7.240000 
7.240000 
7.240000 
7.240000 
7.240000 
7.240000 
7.270000 
7.290000 
7.310000 
7.330000 
7.360000 
7.380000 
7.400000 
7.420000 
7.440000 
7.470000 
7.510000 
7.530000 
7.580000 
7.640000 
7.710000 
7.840000 
7.980000 
8.130000 
8.290000 
8.360000 
8.420000 
8.380000 
8.360000 
8.270000 
8.200000 
8.110000 
8.040000 
7.980000 
7.910000 
7.870000 
7.820000 
7.820000 
7.800000 
7.820000 
7.820000 
7.870000 
7.890000 
7.890000 
7.890000 
7.840000 
7.800000 
7.710000 
7.640000 
7.580000 
7.510000 
7.470000 
7.420000 
7.420000 
7.440000 
7.440000 
7.470000 
7.470000 
7.490000 
7.470000 
7.440000 
7.420000 
7.400000 
7.360000 
7.330000 
7.310000 
7.290000 
7.270000 
7.270000 
7.240000 
7.240000 
7.240000 
7.240000 
7.240000 
7.240000 
7.220000 
7.220000 
7.200000 
7.180000 
7.160000 
7.160000 
7.160000 
7.130000 
7.110000 
7.090000 
7.040000 
7.020000 
7.000000 
6.980000 
6.960000 
6.960000 
6.930000 
6.910000 
6.890000 
6.890000 
6.870000 
6.870000 
6.870000 
6.870000 
6.870000 
6.870000 
6.870000 
6.870000 
6.870000 
6.890000 
6.890000 
6.890000 
6.890000 
6.890000 
6.890000 
6.870000 
6.840000 
6.840000 
6.820000 
6.820000 
6.800000 
6.800000 
6.780000 
6.780000 
6.760000 
6.760000 
6.760000 
6.760000 
6.760000 
6.760000 
6.760000 
6.760000 
6.800000 
6.820000 
6.910000 
7.020000 
7.110000 
7.220000 
7.310000 
7.380000 
7.420000 
7.470000 
7.490000 
7.510000 
7.510000 
7.510000 
7.440000 
7.380000 
7.240000 
7.110000 
7.000000 
6.890000 
6.910000 
6.960000 
7.180000 
7.420000 
7.800000 
8.200000 
8.670000 
9.130000 
9.440000 
9.730000 
9.640000 
9.560000 
9.110000 
8.670000 
8.160000 
7.640000 
7.400000 
7.160000 
7.130000 
7.130000 
7.180000 
7.220000 
7.290000 
7.360000 
7.440000 
7.530000 
7.620000 
7.710000 
7.760000 
7.800000 
7.800000 
7.780000 
7.760000 
7.730000 
7.730000 
7.710000 
7.690000 
7.670000 
7.620000 
7.560000 
7.510000 
7.470000 
7.440000 
7.420000 
7.400000 
7.380000 
7.360000 
7.330000 
7.310000 
7.290000 
7.290000 
7.290000 
7.310000 
7.330000 
7.360000 
7.380000 
7.360000 
7.360000 
7.310000 
7.270000 
7.200000 
7.160000 
7.090000 
7.040000 
7.000000 
6.960000 
6.930000 
6.930000 
6.930000 
6.930000 
6.960000 
6.980000 
7.000000 
7.020000 
7.040000 
7.070000 
7.070000 
7.070000 
7.040000 
7.040000 
7.020000 
7.000000 
6.980000 
6.960000 
6.930000 
6.930000 
6.910000 
6.890000 
6.840000 
6.820000 
6.800000 
6.780000 
6.760000 
6.760000 
6.760000 
6.730000 
6.730000 
6.710000 
6.690000 
6.670000 
6.640000 
6.620000 
6.600000 
6.560000 
6.530000 
6.510000 
6.470000 
6.440000 
6.420000 
6.420000 
6.420000 
6.420000 
6.400000 
6.400000 
6.380000 
6.360000 
6.330000 
6.310000 
6.290000 
6.270000 
6.240000 
6.220000 
6.200000 
6.200000 
6.200000 
6.200000 
6.200000 
6.200000 
6.200000 
6.200000 
6.180000 
6.160000 
6.160000 
6.160000 
6.180000 
6.200000 
6.200000 
6.200000 
6.180000 
6.160000 
6.160000 
6.160000 
6.180000 
6.200000 
6.200000 
6.220000 
6.200000 
6.200000 
6.200000 
6.200000 
6.220000 
6.240000 
6.290000 
6.330000 
6.380000 
6.400000 
6.420000 
6.420000 
6.420000 
6.420000 
6.330000 
6.240000 
6.040000 
5.840000 
5.760000 
5.640000 
5.760000 
5.870000 
5.960000 
6.070000 
6.090000 
6.110000 
6.130000 
6.160000 
6.180000 
6.220000 
6.220000 
6.240000 
6.240000 
6.270000 
6.290000 
6.290000 
6.310000 
6.330000 
6.360000 
6.360000 
6.380000 
6.400000 
6.420000 
6.470000 
6.490000 
6.510000 
6.530000 
6.560000 
6.580000 
6.620000 
6.620000 
6.620000 
6.510000 
6.420000 
6.270000 
6.110000 
6.020000 
5.930000 
5.980000 
6.020000 
6.240000 
6.470000 
6.840000 
7.240000 
7.670000 
8.090000 
8.240000 
8.420000 
8.200000 
7.960000 
7.510000 
7.070000 
6.730000 
6.420000 
6.360000 
6.290000 
6.310000 
6.330000 
6.360000 
6.360000 
6.380000 
6.400000 
6.420000 
6.440000 
6.440000 
6.470000 
6.470000 
6.470000 
6.470000 
6.470000 
6.440000 
6.440000 
6.440000 
6.440000 
6.420000 
6.420000 
6.420000 
6.440000 
6.440000 
6.440000 
6.440000 
6.440000 
6.420000 
6.400000 
6.360000 
6.330000 
6.330000 
6.330000 
6.310000 
6.310000 
6.290000 
6.270000 
6.270000 
6.270000 
6.270000 
6.270000 
6.240000 
6.240000 
6.200000 
6.180000 
6.160000 
6.130000 
6.130000 
6.130000 
6.110000 
6.090000 
6.040000 
6.020000 
6.020000 
6.000000 
6.000000 
6.000000 
6.000000 
6.020000 
6.020000 
6.020000 
6.040000 
6.040000 
6.070000 
6.110000 
6.130000 
6.160000 
6.180000 
6.200000 
6.220000 
6.240000 
6.270000 
6.290000 
6.290000 
6.310000 
6.310000 
6.290000 
6.290000 
6.290000 
6.310000 
6.310000 
6.330000 
6.330000 
6.330000 
6.330000 
6.330000 
6.330000 
6.330000 
6.330000 
6.310000 
6.310000 
6.290000 
6.290000 
6.270000 
6.270000 
6.270000 
6.270000 
6.270000 
6.270000 
6.270000 
6.240000 
6.240000 
6.220000 
6.220000 
6.220000 
6.240000 
6.270000 
6.270000 
6.270000 
6.290000 
6.290000 
6.310000 
6.310000 
6.330000 
6.330000 
6.330000 
6.330000 
6.330000 
6.330000 
6.330000 
6.330000 
6.330000 
6.330000 
6.330000 
6.330000 
6.330000 
6.360000 
6.380000 
6.400000 
6.420000 
6.440000 
6.470000 
6.490000 
6.490000 
6.490000 
6.490000 
6.470000 
6.470000 
6.490000 
6.510000 
6.530000 
6.560000 
6.580000 
6.600000 
6.620000 
6.640000 
6.640000 
6.620000 
6.620000 
6.600000 
6.580000 
6.560000 
6.510000 
6.490000 
6.470000 
6.470000 
6.440000 
6.440000 
6.420000 
6.420000 
6.400000 
6.400000 
6.380000 
6.380000 
6.380000 
6.360000 
6.360000 
6.330000 
6.330000 
6.330000 
6.330000 
6.330000 
6.330000 
6.310000 
6.310000 
6.290000 
6.290000 
6.270000 
6.270000 
6.220000 
6.180000 
6.090000 
6.000000 
5.910000 
5.820000 
5.840000 
5.870000 
6.040000 
6.220000 
6.530000 
6.870000 
7.310000 
7.760000 
8.130000 
8.530000 
8.600000 
8.670000 
8.330000 
8.000000 
7.490000 
6.980000 
6.640000 
6.310000 
6.220000 
6.160000 
6.160000 
6.160000 
6.160000 
6.180000 
6.200000 
6.220000 
6.240000 
6.290000 
6.310000 
6.330000 
6.360000 
6.380000 
6.400000 
6.400000 
6.400000 
6.400000 
6.400000 
6.400000 
6.400000 
6.420000 
6.420000 
6.400000 
6.400000 
6.400000 
6.420000 
6.440000 
6.440000 
6.470000 
6.440000 
6.440000 
6.470000 
6.470000 
6.490000 
6.510000 
6.510000 
6.530000 
6.530000 
6.530000 
6.530000 
6.530000 
6.560000 
6.560000 
6.580000 
6.580000 
6.580000 
6.600000 
6.600000 
6.620000 
6.640000 
6.670000 
6.670000 
6.690000 
6.710000 
6.710000 
6.730000 
6.760000 
6.760000 
6.760000 
6.760000 
6.760000 
6.760000 
6.760000 
6.760000 
6.760000 
6.780000 
6.780000 
6.800000 
6.820000 
6.820000 
6.820000 
6.820000 
6.840000 
6.840000 
6.870000 
6.870000 
6.890000 
6.890000 
6.890000 
6.890000 
6.890000 
6.890000 
6.890000 
6.890000 
6.890000 
6.890000 
6.890000 
6.890000 
6.890000 
6.870000 
6.870000 
6.870000 
6.870000 
6.870000 
6.870000 
6.840000 
6.820000 
6.820000 
6.800000 
6.800000 
6.820000 
6.820000 
6.820000 
6.820000 
6.820000 
6.820000 
6.820000 
6.820000 
6.820000 
6.840000 
6.870000 
6.870000 
6.890000 
6.890000 
6.890000 
6.910000 
6.930000 
6.960000 
6.980000 
7.000000 
7.020000 
7.070000 
7.110000 
7.160000 
7.200000 
7.220000 
7.240000 
7.270000 
7.270000 
7.290000 
7.310000 
7.330000 
7.360000 
7.380000 
7.420000 
7.440000 
7.490000 
7.560000 
7.600000 
7.670000 
7.730000 
7.820000 
7.910000 
7.960000 
8.020000 
8.020000 
8.040000 
8.040000 
8.070000 
8.070000 
8.090000 
8.090000 
8.090000 
8.070000 
8.040000 
8.020000 
7.980000 
7.960000 
7.910000 
7.890000 
7.870000 
7.820000 
7.800000 
7.780000 
7.760000 
7.730000 
7.690000 
7.690000 
7.670000 
7.670000 
7.690000 
7.710000 
7.760000 
7.780000 
7.800000 
7.840000 
7.870000 
7.890000 
7.890000 
7.890000 
7.870000 
7.820000 
7.780000 
7.760000 
7.710000 
7.780000 
7.840000 
8.090000 
8.330000 
8.760000 
9.180000 
9.640000 
10.110000 
10.380000 
10.670000 
10.580000 
10.510000 
10.090000 
9.670000 
9.110000 
8.560000 
8.160000 
7.760000 
7.600000 
7.440000 
7.400000 
7.380000 
7.380000 
7.400000 
7.420000 
7.470000 
7.470000 
7.470000 
7.420000 
7.400000 
7.380000 
7.360000 
7.310000 
7.270000 
7.220000 
7.160000 
7.110000 
7.070000 
7.020000 
6.980000 
6.960000 
6.910000 
6.890000 
6.870000 
6.840000 
6.820000 
6.800000 
6.780000 
6.760000 
6.730000 
6.710000 
6.690000 
6.620000 
6.580000 
6.530000 
6.490000 
6.470000 
6.440000 
6.440000 
6.420000 
6.420000 
6.400000 
6.400000 
6.400000 
6.380000 
6.380000 
6.330000 
6.310000 
6.290000 
6.240000 
6.220000 
6.200000 
6.200000 
6.200000 
6.200000 
6.200000 
6.200000 
6.200000 
6.200000 
6.200000 
6.200000 
6.220000 
6.220000 
6.220000 
6.220000 
6.200000 
6.200000 
6.180000 
6.160000 
6.130000 
6.130000 
6.110000 
6.130000 
6.130000 
6.130000 
6.130000 
6.110000 
6.110000 
6.110000 
6.110000 
6.110000 
6.110000 
6.110000 
6.090000 
6.090000 
6.090000 
6.090000 
6.090000 
6.090000 
6.090000 
6.090000 
6.070000 
6.070000 
6.070000 
6.070000 
6.070000 
6.090000 
6.090000 
6.090000 
6.110000 
6.110000 
6.110000 
6.110000 
6.110000 
6.110000 
6.110000 
6.110000 
6.090000 
6.090000 
6.090000 
6.090000 
6.090000 
6.110000 
6.110000 
6.130000 
6.130000 
6.130000 
6.130000 
6.130000 
6.160000 
6.180000 
6.200000 
6.200000 
6.220000 
6.220000 
6.220000 
6.220000 
6.240000 
6.270000 
6.290000 
6.310000 
6.330000 
6.360000 
6.380000 
6.400000 
6.400000 
6.400000 
6.420000 
6.440000 
6.470000 
6.490000 
6.510000 
6.560000 
6.580000 
6.600000 
6.620000 
6.620000 
6.640000 
6.640000 
6.640000 
6.600000 
6.580000 
6.580000 
6.560000 
6.560000 
6.560000 
6.530000 
6.530000 
6.490000 
6.470000 
6.440000 
6.440000 
6.440000 
6.440000 
6.440000 
6.440000 
6.440000 
6.440000 
6.420000 
6.400000 
6.400000 
6.400000 
6.400000 
6.400000 
6.380000 
6.380000 
6.380000 
6.380000 
6.330000 
6.290000 
6.220000 
6.130000 
6.040000 
5.960000 
5.930000 
5.910000 
6.040000 
6.180000 
6.470000 
6.760000 
7.180000 
7.580000 
7.980000 
8.380000 
8.470000 
8.580000 
8.290000 
7.980000 
7.470000 
6.960000 
6.580000 
6.220000 
6.110000 
5.980000 
5.980000 
5.980000 
5.980000 
6.000000 
6.000000 
6.020000 
6.040000 
6.070000 
6.070000 
6.090000 
6.110000 
6.110000 
6.110000 
6.110000 
6.110000 
6.110000 
6.110000 
6.130000 
6.130000 
6.130000 
6.130000 
6.110000 
6.110000 
6.110000 
6.130000 
6.160000 
6.180000 
6.200000 
6.180000 
6.160000 
6.160000 
6.160000 
6.180000 
6.200000 
6.200000 
6.220000 
6.200000 
6.200000 
6.200000 
6.200000 
6.220000 
6.220000 
6.240000 
6.270000 
6.270000 
6.270000 
6.290000 
6.290000 
6.310000 
6.330000 
6.330000 
6.360000 
6.360000 
6.380000 
6.360000 
6.360000 
6.360000 
6.360000 
6.360000 
6.380000 
6.380000 
6.400000 
6.400000 
6.400000 
6.400000 
6.400000 
6.400000 
6.420000 
6.420000 
6.440000 
6.440000 
6.440000 
6.420000 
6.420000 
6.420000 
6.420000 
6.440000 
6.440000 
6.440000 
6.440000 
6.440000 
6.470000 
6.470000 
6.470000 
6.470000 
6.470000 
6.470000 
6.490000 
6.510000 
6.530000 
6.510000 
6.510000 
6.470000 
6.440000 
6.420000 
6.400000 
6.380000 
6.360000 
6.330000 
6.310000 
6.290000 
6.270000 
6.220000 
6.180000 
6.160000 
6.110000 
6.110000 
6.090000 
6.090000 
6.090000 
6.090000 
6.110000 
6.090000 
6.090000 
6.090000 
6.090000 
6.130000 
6.160000 
6.180000 
6.200000 
6.200000 
6.220000 
6.220000 
6.240000 
6.240000 
6.270000 
6.240000 
6.220000 
6.220000 
6.200000 
6.220000 
6.240000 
6.310000 
6.360000 
6.420000 
6.470000 
6.510000 
6.560000 
6.580000 
6.620000 
6.670000 
6.710000 
6.730000 
6.760000 
6.760000 
6.760000 
6.760000 
6.760000 
6.760000 
6.730000 
6.730000 
6.710000 
6.690000 
6.690000 
6.670000 
6.640000 
6.600000 
6.560000 
6.530000 
6.490000 
6.490000 
6.490000 
6.470000 
6.440000 
6.380000 
6.310000 
6.240000 
6.200000 
6.130000 
6.070000 
5.960000 
5.840000 
5.730000 
5.620000 
5.510000 
5.400000 
5.270000 
5.160000 
4.980000 
4.820000 
4.620000 
4.420000 
4.180000 
3.960000 
3.800000 
3.640000 
3.780000 
3.930000 
4.360000 
4.760000 
5.270000 
5.800000 
6.270000 
6.730000 
7.040000 
7.360000 
7.380000 
7.400000 
7.070000 
6.730000 
6.360000 
5.960000 
5.800000 
5.670000 
5.670000 
5.670000 
5.690000 
5.710000 
5.760000 
5.820000 
5.910000 
6.020000 
6.090000 
6.180000 
6.180000 
6.200000 
6.180000 
6.130000 
6.070000 
5.980000 
5.800000 
5.620000 
5.400000 
5.160000 
5.020000 
4.910000 
4.930000 
4.960000 
5.000000 
5.040000 
5.090000 
5.160000 
5.200000 
5.270000 
5.310000 
5.360000 
5.380000 
5.420000 
5.470000 
5.510000 
5.560000 
5.620000 
5.640000 
5.690000 
5.710000 
5.730000 
5.780000 
5.800000 
5.840000 
5.890000 
5.930000 
5.980000 
6.000000 
6.020000 
6.040000 
6.070000 
6.090000 
6.130000 
6.180000 
6.220000 
6.240000 
6.270000 
6.290000 
6.290000 
6.330000 
6.360000 
6.400000 
6.470000 
6.490000 
6.510000 
6.530000 
6.530000 
6.560000 
6.580000 
6.580000 
6.600000 
6.620000 
6.620000 
6.620000 
6.640000 
6.640000 
6.640000 
6.670000 
6.690000 
6.710000 
6.710000 
6.710000 
6.710000 
6.710000 
6.710000 
6.710000 
6.710000 
6.710000 
6.710000 
6.710000 
6.690000 
6.690000 
6.690000 
6.690000 
6.690000 
6.690000 
6.710000 
6.710000 
6.710000 
6.730000 
6.730000 
6.760000 
6.760000 
6.760000 
6.760000 
6.760000 
6.760000 
6.760000 
6.760000 
6.780000 
6.800000 
6.840000 
6.890000 
6.910000 
6.930000 
6.930000 
6.930000 
6.930000 
6.930000 
6.930000 
6.930000 
6.960000 
6.960000 
6.980000 
7.000000 
7.000000 
7.000000 
7.000000 
7.020000 
7.020000 
7.040000 
7.070000 
7.090000 
7.110000 
7.160000 
7.160000 
7.180000 
7.200000 
7.200000 
7.220000 
7.220000 
7.240000 
7.240000 
7.240000 
7.240000 
7.240000 
7.240000 
7.240000 
7.220000 
7.200000 
7.200000 
7.180000 
7.160000 
7.130000 
7.110000 
7.070000 
7.020000 
6.960000 
6.910000 
6.890000 
6.870000 
6.870000 
6.870000 
6.840000 
6.820000 
6.800000 
6.780000 
6.760000 
6.760000 
6.760000 
6.760000 
6.760000 
6.760000 
6.730000 
6.730000 
6.710000 
6.690000 
6.640000 
6.580000 
6.490000 
6.400000 
6.290000 
6.200000 
6.180000 
6.160000 
6.290000 
6.400000 
6.670000 
6.930000 
7.310000 
7.690000 
8.040000 
8.420000 
8.560000 
8.670000 
8.400000 
8.160000 
7.670000 
7.180000 
6.820000 
6.470000 
6.360000 
6.270000 
6.290000 
6.330000 
6.400000 
6.470000 
6.580000 
6.690000 
6.800000 
6.930000 
7.040000 
7.160000 
7.270000 
7.360000 
7.440000 
7.530000 
7.620000 
7.710000 
7.820000 
7.910000 
8.020000 
8.110000 
8.180000 
8.240000 
8.240000 
8.270000 
8.240000 
8.220000 
8.180000 
8.160000 
8.110000 
8.090000 
8.040000 
7.980000 
7.960000 
7.910000 
7.930000 
7.930000 
7.980000 
8.020000 
8.020000 
8.040000 
8.000000 
7.960000 
7.890000 
7.820000 
7.780000 
7.710000 
7.670000 
7.600000 
7.580000 
7.530000 
7.510000 
7.470000 
7.440000 
7.420000 
7.400000 
7.380000 
7.380000 
7.380000 
7.400000 
7.440000 
7.530000 
7.600000 
7.670000 
7.710000 
7.690000 
7.690000 
7.640000 
7.600000 
7.580000 
7.530000 
7.510000 
7.470000 
7.420000 
7.380000 
7.330000 
7.290000 
7.240000 
7.220000 
7.200000 
7.180000 
7.180000 
7.160000 
7.130000 
7.110000 
7.090000 
7.040000 
6.980000 
6.930000 
6.870000 
6.820000 
6.800000 
6.800000 
6.820000 
6.820000 
6.840000 
6.870000 
6.890000 
6.910000 
6.910000 
6.930000 
6.930000 
6.930000 
6.930000 
6.910000 
6.890000 
6.870000 
6.840000 
6.800000 
6.780000 
6.760000 
6.730000 
6.730000 
6.710000 
6.710000 
6.690000 
6.670000 
6.670000 
6.640000 
6.620000 
6.580000 
6.560000 
6.510000 
6.490000 
6.470000 
6.440000 
6.420000 
6.420000 
6.400000 
6.400000 
6.380000 
6.380000 
6.400000 
6.400000 
6.420000 
6.420000 
6.440000 
6.440000 
6.470000 
6.470000 
6.490000 
6.490000 
6.490000 
6.470000 
6.440000 
6.420000 
6.400000 
6.400000 
6.380000 
6.380000 
6.380000 
6.360000 
6.360000 
6.330000 
6.330000 
6.310000 
6.310000 
6.290000 
6.270000 
6.220000 
6.200000 
6.200000 
6.180000 
6.180000 
6.180000 
6.160000 
6.160000 
6.160000 
6.160000 
6.160000 
6.160000 
6.160000 
6.160000 
6.160000 
6.160000 
6.180000 
6.200000 
6.180000 
6.180000 
6.110000 
6.040000 
5.960000 
5.840000 
5.760000 
5.670000 
5.690000 
5.710000 
5.870000 
6.020000 
6.330000 
6.620000 
7.070000 
7.490000 
7.840000 
8.220000 
8.270000 
8.310000 
7.980000 
7.640000 
7.160000 
6.640000 
6.330000 
6.000000 
5.910000 
5.840000 
5.840000 
5.840000 
5.840000 
5.870000 
5.890000 
5.910000 
5.930000 
5.960000 
5.960000 
5.980000 
5.960000 
5.960000 
5.980000 
5.980000 
5.980000 
6.000000 
6.000000 
5.980000 
5.980000 
5.980000 
6.000000 
6.020000 
6.020000 
6.040000 
6.040000 
6.070000 
6.070000 
6.090000 
6.090000 
6.090000 
6.110000 
6.110000 
6.130000 
6.130000 
6.160000 
6.160000 
6.160000 
6.180000 
6.180000 
6.200000 
6.200000 
6.200000 
6.200000 
6.200000 
6.200000 
6.200000 
6.200000 
6.200000 
6.200000 
6.200000 
6.180000 
6.180000 
6.160000 
6.130000 
6.130000 
6.160000 
6.160000 
6.180000 
6.180000 
6.200000 
6.200000 
6.220000 
6.220000 
6.240000 
6.240000 
6.270000 
6.270000 
6.270000 
6.270000 
6.290000 
6.310000 
6.330000 
6.330000 
6.360000 
6.360000 
6.360000 
6.360000 
6.360000 
6.360000 
6.380000 
6.400000 
6.420000 
6.440000 
6.470000 
6.490000 
6.510000 
6.530000 
6.560000 
6.560000 
6.580000 
6.620000 
6.640000 
6.670000 
6.690000 
6.710000 
6.730000 
6.730000 
6.760000 
6.760000 
6.760000 
6.730000 
6.710000 
6.710000 
6.690000 
6.690000 
6.670000 
6.670000 
6.640000 
6.620000 
6.620000 
6.620000 
6.600000 
6.620000 
6.620000 
6.620000 
6.640000 
6.640000 
6.640000 
6.620000 
6.620000 
6.620000 
6.620000 
6.620000 
6.640000 
6.640000 
6.640000 
6.640000 
6.640000 
6.640000 
6.640000 
6.640000 
6.640000 
6.640000 
6.670000 
6.670000 
6.690000 
6.690000 
6.710000 
6.710000 
6.710000 
6.710000 
6.690000 
6.670000 
6.670000 
6.640000 
6.620000 
6.580000 
6.560000 
6.490000 
6.440000 
6.360000 
6.290000 
6.270000 
6.240000 
6.240000 
6.240000 
6.240000 
6.240000 
6.240000 
6.270000 
6.270000 
6.290000 
6.310000 
6.310000 
6.310000 
6.290000 
6.290000 
6.290000 
6.270000 
6.270000 
6.270000 
6.270000 
6.270000 
6.270000 
6.240000 
6.220000 
6.160000 
6.110000 
6.020000 
5.930000 
5.840000 
5.780000 
5.800000 
5.820000 
5.980000 
6.160000 
6.490000 
6.800000 
7.240000 
7.690000 
8.040000 
8.400000 
8.380000 
8.360000 
7.960000 
7.560000 
7.070000 
6.600000 
6.330000 
6.070000 
6.000000 
5.960000 
5.960000 
5.980000 
5.980000 
6.000000 
6.020000 
6.040000 
6.070000 
6.090000 
6.090000 
6.090000 
6.110000 
6.110000 
6.130000 
6.130000 
6.130000 
6.160000 
6.160000 
6.160000 
6.160000 
6.160000 
6.160000 
6.160000 
6.160000 
6.160000 
6.160000 
6.130000 
6.110000 
6.110000 
6.110000 
6.110000 
6.130000 
6.130000 
6.130000 
6.160000 
6.160000 
6.160000 
6.130000 
6.130000 
6.110000 
6.110000 
6.090000 
6.090000 
6.090000 
6.090000 
6.090000 
6.090000 
6.090000 
6.070000 
6.070000 
6.070000 
6.070000 
6.090000 
6.090000 
6.110000 
6.130000 
6.180000 
6.200000 
6.220000 
6.220000 
6.240000 
6.240000 
6.270000 
6.270000 
6.290000 
6.290000 
6.290000 
6.290000 
6.290000 
6.310000 
6.310000 
6.330000 
6.330000 
6.330000 
6.360000 
6.360000 
6.360000 
6.360000 
6.330000 
6.330000 
6.330000 
6.330000 
6.330000 
6.330000 
6.330000 
6.330000 
6.330000 
6.330000 
6.330000 
6.330000 
6.330000 
6.330000 
6.330000 
6.330000 
6.330000 
6.330000 
6.330000 
6.330000 
6.330000 
6.330000 
6.330000 
6.330000 
6.330000 
6.330000 
6.330000 
6.330000 
6.330000 
6.330000 
6.330000 
6.330000 
6.330000 
6.330000 
6.330000 
6.330000 
6.330000 
6.330000 
6.360000 
6.380000 
6.400000 
6.420000 
6.440000 
6.440000 
6.470000 
6.470000 
6.470000 
6.470000 
6.490000 
6.490000 
6.510000 
6.530000 
6.530000 
6.560000 
6.560000 
6.560000 
6.560000 
6.580000 
6.580000 
6.620000 
6.640000 
6.670000 
6.670000 
6.690000 
6.690000 
6.690000 
6.690000 
6.690000 
6.690000 
6.670000 
6.640000 
6.640000 
6.620000 
6.600000 
6.600000 
6.580000 
6.560000 
6.530000 
6.490000 
6.470000 
6.440000 
6.440000 
6.440000 
6.440000 
6.440000 
6.440000 
6.440000 
6.420000 
6.400000 
6.400000 
6.400000 
6.420000 
6.440000 
6.440000 
6.440000 
6.420000 
6.400000 
6.360000 
6.310000 
6.220000 
6.160000 
6.070000 
6.000000 
6.000000 
6.000000 
6.130000 
6.270000 
6.580000 
6.870000 
7.290000 
7.730000 
8.110000 
8.470000 
8.530000 
8.600000 
8.270000 
7.930000 
7.440000 
6.980000 
6.670000 
6.360000 
6.270000 
6.180000 
6.180000 
6.200000 
6.220000 
6.240000 
6.270000 
6.290000 
6.290000 
6.310000 
6.330000 
6.360000 
6.400000 
6.440000 
6.440000 
6.470000 
6.470000 
6.440000 
6.440000 
6.440000 
6.470000 
6.470000 
6.470000 
6.470000 
6.440000 
6.440000 
6.440000 
6.440000 
6.470000 
6.470000 
6.470000 
6.470000 
6.470000 
6.440000 
6.470000 
6.470000 
6.490000 
6.510000 
6.510000 
6.510000 
6.490000 
6.470000 
6.470000 
6.470000 
6.490000 
6.510000 
6.510000 
6.530000 
6.530000 
6.530000 
6.530000 
6.530000 
6.560000 
6.580000 
6.600000 
6.620000 
6.640000 
6.640000 
6.640000 
6.670000 
6.670000 
6.690000 
6.710000 
6.730000 
6.730000 
6.760000 
6.760000 
6.760000 
6.760000 
6.760000 
6.760000 
