2.892000 
1.025000 
0.493000 
0.957000 
1.099000 
0.004000 
-1.071000 
-0.512000 
0.698000 
0.172000 
-1.520000 
-1.966000 
-0.983000 
-0.804000 
-2.385000 
-3.231000 
-1.099000 
2.160000 
3.423000 
3.289000 
4.380000 
5.665000 
3.644000 
-0.589000 
-1.352000 
2.743000 
6.019000 
4.840000 
3.086000 
4.274000 
4.938000 
1.666000 
-1.805000 
-1.527000 
-0.961000 
-3.782000 
-5.692000 
-2.314000 
1.506000 
0.234000 
-1.521000 
2.148000 
5.942000 
2.429000 
-3.108000 
-0.928000 
5.983000 
7.713000 
5.026000 
5.893000 
9.190000 
7.322000 
1.476000 
-0.480000 
1.896000 
2.912000 
2.373000 
3.446000 
3.549000 
-0.521000 
-3.653000 
-0.464000 
3.513000 
0.414000 
-6.169000 
-7.583000 
-4.367000 
-2.796000 
-2.648000 
0.914000 
7.605000 
12.767000 
14.159000 
12.598000 
10.417000 
11.634000 
16.896000 
18.046000 
7.288000 
-8.527000 
-14.597000 
-9.084000 
-4.107000 
-5.496000 
-6.097000 
-1.164000 
3.696000 
3.441000 
0.759000 
-0.826000 
-1.487000 
-1.181000 
0.490000 
0.503000 
-3.565000 
-6.917000 
-2.730000 
7.737000 
17.506000 
23.644000 
27.243000 
26.699000 
19.551000 
9.972000 
6.585000 
11.459000 
16.465000 
12.670000 
0.774000 
-9.761000 
-11.356000 
-6.017000 
-0.884000 
1.589000 
4.269000 
7.387000 
7.537000 
5.904000 
9.154000 
18.603000 
26.159000 
25.340000 
19.549000 
15.313000 
13.915000 
13.952000 
15.791000 
18.901000 
20.197000 
19.152000 
19.591000 
23.147000 
26.217000 
26.188000 
24.909000 
23.082000 
17.613000 
8.273000 
1.033000 
0.403000 
3.453000 
5.638000 
8.000000 
13.969000 
22.830000 
31.055000 
36.987000 
39.915000 
37.692000 
29.750000 
20.208000 
14.161000 
12.531000 
12.855000 
12.926000 
12.388000 
13.790000 
21.656000 
34.843000 
40.516000 
25.259000 
-5.127000 
-26.860000 
-24.340000 
-6.342000 
8.846000 
14.612000 
15.679000 
16.240000 
17.110000 
18.254000 
17.844000 
14.446000 
12.560000 
17.635000 
24.614000 
23.018000 
14.550000 
11.345000 
14.734000 
12.881000 
3.605000 
0.556000 
9.343000 
16.223000 
10.729000 
2.776000 
5.418000 
14.746000 
19.013000 
15.654000 
7.908000 
-4.530000 
-20.604000 
-32.869000 
-36.919000 
-37.503000 
-37.774000 
-31.846000 
-16.030000 
1.568000 
11.311000 
14.504000 
17.205000 
17.608000 
8.212000 
-11.448000 
-29.667000 
-31.192000 
-12.265000 
11.749000 
18.564000 
3.743000 
-11.917000 
-6.682000 
15.547000 
31.830000 
28.887000 
14.039000 
-0.577000 
-12.351000 
-23.531000 
-31.504000 
-31.418000 
-26.230000 
-26.139000 
-32.788000 
-29.488000 
0.029000 
42.246000 
60.175000 
37.292000 
-1.715000 
-25.790000 
-33.032000 
-33.789000 
-21.268000 
11.637000 
42.719000 
42.614000 
19.198000 
7.116000 
17.010000 
26.765000 
22.076000 
14.352000 
14.624000 
16.455000 
11.054000 
-0.774000 
-16.273000 
-34.619000 
-50.581000 
-55.881000 
-47.111000 
-26.111000 
1.553000 
23.099000 
23.850000 
3.142000 
-24.024000 
-44.032000 
-51.844000 
-43.017000 
-17.047000 
10.375000 
18.377000 
6.650000 
-7.316000 
-14.955000 
-20.056000 
-19.103000 
-3.862000 
15.452000 
14.718000 
-11.062000 
-38.600000 
-44.946000 
-30.570000 
-12.063000 
-4.654000 
-12.259000 
-24.135000 
-22.932000 
-4.542000 
13.970000 
14.362000 
-0.156000 
-11.101000 
-9.451000 
-5.475000 
-14.251000 
-36.730000 
-58.297000 
-67.326000 
-71.923000 
-89.643000 
-119.704000 
-138.507000 
-130.307000 
-110.419000 
-106.396000 
-124.281000 
-145.494000 
-152.155000 
-144.837000 
-136.896000 
-138.045000 
-143.741000 
-140.588000 
-125.116000 
-112.823000 
-119.533000 
-138.105000 
-146.887000 
-139.392000 
-130.172000 
-130.361000 
-133.886000 
-133.142000 
-133.641000 
-144.368000 
-163.654000 
-183.110000 
-198.058000 
-206.202000 
-202.028000 
-181.535000 
-150.669000 
-122.818000 
-108.366000 
-109.657000 
-122.977000 
-140.187000 
-150.053000 
-144.384000 
-124.857000 
-101.089000 
-80.749000 
-62.100000 
-35.320000 
8.635000 
67.045000 
122.531000 
156.443000 
166.548000 
164.977000 
158.097000 
139.944000 
110.826000 
89.513000 
95.574000 
127.288000 
166.245000 
196.118000 
208.025000 
196.660000 
163.538000 
119.932000 
78.603000 
46.966000 
31.699000 
39.521000 
66.805000 
99.872000 
133.852000 
179.481000 
241.321000 
301.298000 
336.802000 
346.327000 
344.662000 
340.933000 
335.156000 
330.337000 
332.436000 
339.508000 
343.193000 
340.820000 
335.868000 
327.468000 
310.442000 
285.996000 
261.296000 
236.895000 
205.914000 
169.384000 
140.385000 
124.395000 
104.008000 
54.677000 
-26.482000 
-115.905000 
-186.525000 
-228.015000 
-244.921000 
-244.489000 
-231.884000 
-213.225000 
-197.403000 
-193.772000 
-208.954000 
-244.583000 
-295.890000 
-351.713000 
-397.831000 
-423.761000 
-428.655000 
-419.196000 
-398.855000 
-360.292000 
-293.081000 
-199.797000 
-98.765000 
-7.258000 
72.487000 
145.066000 
205.961000 
244.444000 
261.625000 
274.938000 
300.527000 
337.688000 
374.267000 
400.825000 
413.283000 
407.112000 
378.625000 
331.610000 
274.220000 
207.780000 
127.411000 
38.572000 
-35.557000 
-73.108000 
-77.428000 
-73.347000 
-80.901000 
-101.184000 
-127.327000 
-158.309000 
-197.625000 
-245.377000 
-295.890000 
-339.266000 
-364.344000 
-365.607000 
-348.889000 
-326.129000 
-304.019000 
-281.087000 
-253.849000 
-220.697000 
-181.721000 
-139.536000 
-98.427000 
-59.965000 
-24.983000 
-2.542000 
-5.769000 
-29.900000 
-45.530000 
-27.882000 
13.452000 
47.834000 
61.446000 
66.487000 
74.277000 
75.176000 
51.169000 
0.490000 
-55.299000 
-86.884000 
-80.470000 
-48.671000 
-17.607000 
-1.962000 
3.809000 
8.739000 
8.584000 
-6.238000 
-30.663000 
-43.773000 
-30.875000 
-1.504000 
19.102000 
15.976000 
-1.341000 
-12.441000 
-10.905000 
-9.803000 
-22.183000 
-43.863000 
-61.145000 
-70.754000 
-85.025000 
-117.081000 
-163.314000 
-199.605000 
-196.140000 
-143.002000 
-63.190000 
7.113000 
53.406000 
89.249000 
126.682000 
155.932000 
163.895000 
159.066000 
163.746000 
188.784000 
226.274000 
258.758000 
267.048000 
241.504000 
196.757000 
162.160000 
145.688000 
122.743000 
74.461000 
18.154000 
-19.928000 
-43.344000 
-71.410000 
-100.855000 
-111.393000 
-103.144000 
-99.911000 
-115.422000 
-140.533000 
-166.193000 
-196.545000 
-231.871000 
-256.193000 
-252.947000 
-223.910000 
-184.696000 
-147.696000 
-115.576000 
-85.304000 
-49.874000 
1.298000 
73.956000 
158.214000 
232.758000 
283.332000 
312.424000 
328.701000 
334.748000 
330.912000 
324.078000 
322.724000 
324.291000 
313.850000 
276.486000 
210.228000 
129.592000 
56.967000 
6.085000 
-27.031000 
-53.929000 
-78.022000 
-95.562000 
-107.823000 
-120.926000 
-135.016000 
-145.700000 
-156.874000 
-180.288000 
-218.380000 
-254.654000 
-264.298000 
-232.846000 
-167.653000 
-92.905000 
-28.194000 
28.257000 
87.490000 
144.752000 
182.402000 
197.078000 
204.043000 
212.186000 
216.858000 
221.852000 
241.464000 
268.883000 
267.426000 
210.612000 
114.057000 
14.401000 
-66.680000 
-124.890000 
-157.783000 
-164.929000 
-155.495000 
-142.559000 
-132.666000 
-125.469000 
-118.094000 
-106.884000 
-90.463000 
-73.512000 
-65.172000 
-74.375000 
-105.707000 
-151.954000 
-189.363000 
-191.142000 
-149.711000 
-77.917000 
8.193000 
92.185000 
147.666000 
152.574000 
118.143000 
79.797000 
53.911000 
28.992000 
4.439000 
5.362000 
44.750000 
100.442000 
147.355000 
186.724000 
224.997000 
249.220000 
246.246000 
227.351000 
211.900000 
201.035000 
185.759000 
167.805000 
155.955000 
153.176000 
160.387000 
180.305000 
204.834000 
211.652000 
187.611000 
146.536000 
112.941000 
97.403000 
97.525000 
112.356000 
142.541000 
180.983000 
213.061000 
224.422000 
206.392000 
161.494000 
108.256000 
72.159000 
64.295000 
73.204000 
82.064000 
88.151000 
100.268000 
122.076000 
144.268000 
151.621000 
134.948000 
98.726000 
58.695000 
28.402000 
5.950000 
-22.647000 
-65.884000 
-117.168000 
-164.452000 
-203.267000 
-235.765000 
-262.405000 
-282.008000 
-296.874000 
-309.094000 
-312.275000 
-296.452000 
-263.863000 
-231.536000 
-213.973000 
-210.308000 
-212.363000 
-216.751000 
-222.083000 
-221.931000 
-210.852000 
-194.695000 
-186.203000 
-190.304000 
-199.188000 
-201.576000 
-192.295000 
-172.865000 
-147.022000 
-118.566000 
-93.263000 
-79.792000 
-84.651000 
-105.553000 
-133.398000 
-161.221000 
-186.596000 
-205.341000 
-210.542000 
-200.994000 
-184.203000 
-167.650000 
-152.551000 
-138.249000 
-126.151000 
-117.191000 
-111.599000 
-111.980000 
-119.455000 
-126.989000 
-125.254000 
-115.543000 
-107.907000 
-106.344000 
-105.238000 
-101.317000 
-99.743000 
-106.225000 
-120.034000 
-136.254000 
-149.586000 
-156.104000 
-156.529000 
-157.475000 
-164.914000 
-176.121000 
-180.342000 
-166.824000 
-131.698000 
-80.250000 
-24.187000 
25.750000 
65.878000 
97.797000 
123.217000 
143.916000 
163.863000 
185.503000 
205.418000 
219.565000 
232.634000 
256.468000 
296.984000 
345.648000 
386.123000 
407.905000 
410.617000 
395.354000 
358.540000 
300.997000 
239.275000 
196.294000 
178.055000 
168.773000 
151.426000 
121.971000 
79.938000 
20.540000 
-52.544000 
-118.135000 
-156.349000 
-171.874000 
-186.820000 
-213.737000 
-246.315000 
-274.048000 
-293.673000 
-304.079000 
-299.935000 
-276.381000 
-236.284000 
-189.435000 
-146.551000 
-114.698000 
-94.615000 
-80.061000 
-62.545000 
-39.236000 
-13.958000 
11.171000 
40.264000 
74.449000 
101.660000 
105.232000 
85.604000 
66.307000 
72.372000 
106.196000 
150.517000 
192.126000 
233.406000 
278.732000 
319.819000 
344.016000 
352.460000 
357.940000 
363.525000 
354.712000 
318.809000 
263.746000 
209.666000 
167.661000 
135.393000 
109.782000 
93.912000 
90.712000 
96.585000 
103.058000 
102.021000 
90.279000 
71.829000 
54.477000 
41.932000 
31.199000 
19.351000 
9.421000 
6.701000 
11.730000 
19.700000 
25.046000 
24.932000 
19.987000 
12.950000 
5.317000 
-4.755000 
-19.472000 
-36.702000 
-51.042000 
-60.553000 
-70.617000 
-89.488000 
-119.877000 
-155.277000 
-184.956000 
-202.638000 
-209.692000 
-210.077000 
-205.030000 
-194.970000 
-183.579000 
-175.153000 
-168.646000 
-159.227000 
-145.751000 
-131.538000 
-117.174000 
-98.830000 
-77.289000 
-63.249000 
-67.543000 
-88.486000 
-114.556000 
-138.190000 
-159.849000 
-177.394000 
-179.433000 
-154.951000 
-105.814000 
-44.697000 
16.350000 
70.900000 
116.141000 
153.255000 
188.326000 
226.279000 
263.978000 
293.768000 
311.773000 
317.241000 
306.608000 
276.338000 
232.155000 
189.420000 
163.242000 
160.618000 
178.823000 
206.214000 
227.642000 
235.192000 
232.237000 
224.270000 
211.882000 
197.994000 
193.767000 
206.610000 
225.964000 
230.271000 
205.601000 
150.229000 
66.238000 
-41.500000 
-158.236000 
-261.459000 
-334.207000 
-373.272000 
-384.830000 
-376.490000 
-353.845000 
-320.579000 
-279.173000 
-231.224000 
-177.900000 
-122.488000 
-73.534000 
-41.524000 
-28.977000 
-27.012000 
-24.963000 
-18.904000 
-7.152000 
15.239000 
49.628000 
86.552000 
113.861000 
128.982000 
136.519000 
138.614000 
136.045000 
134.915000 
142.759000 
159.140000 
176.923000 
190.890000 
198.775000 
196.118000 
177.218000 
140.918000 
90.910000 
31.927000 
-30.338000 
-88.486000 
-138.266000 
-182.613000 
-225.405000 
-261.862000 
-280.461000 
-275.017000 
-250.493000 
-216.264000 
-178.919000 
-144.237000 
-120.593000 
-113.465000 
-117.295000 
-117.879000 
-103.364000 
-70.203000 
-20.915000 
37.416000 
92.657000 
133.097000 
156.046000 
166.066000 
163.413000 
140.569000 
93.433000 
31.051000 
-29.613000 
-75.951000 
-104.996000 
-120.132000 
-125.720000 
-123.658000 
-113.533000 
-96.049000 
-75.309000 
-56.794000 
-44.636000 
-41.576000 
-48.749000 
-63.712000 
-81.303000 
-97.898000 
-112.390000 
-123.028000 
-127.326000 
-125.192000 
-117.491000 
-102.058000 
-77.358000 
-49.667000 
-29.027000 
-17.053000 
-6.503000 
5.427000 
11.410000 
4.501000 
-12.779000 
-33.232000 
-52.806000 
-70.102000 
-83.149000 
-90.524000 
-92.646000 
-89.981000 
-82.769000 
-73.053000 
-63.278000 
-52.086000 
-34.969000 
-9.929000 
20.341000 
52.157000 
83.653000 
113.303000 
138.717000 
158.485000 
173.804000 
187.047000 
198.963000 
207.178000 
207.023000 
194.281000 
167.922000 
130.619000 
87.616000 
45.649000 
10.992000 
-14.051000 
-32.190000 
-46.652000 
-56.649000 
-59.533000 
-55.364000 
-45.299000 
-27.073000 
2.414000 
40.002000 
76.878000 
106.622000 
127.787000 
138.508000 
135.281000 
119.827000 
102.107000 
93.013000 
96.606000 
110.381000 
128.583000 
143.205000 
146.593000 
137.291000 
121.566000 
107.066000 
96.794000 
90.199000 
86.411000 
83.395000 
76.561000 
62.247000 
42.151000 
21.276000 
1.315000 
-21.088000 
-48.261000 
-76.206000 
-97.906000 
-110.428000 
-115.082000 
-110.801000 
-92.172000 
-56.438000 
-9.398000 
37.845000 
75.179000 
95.438000 
95.613000 
80.641000 
62.109000 
47.999000 
36.011000 
20.806000 
3.885000 
-9.394000 
-19.399000 
-31.719000 
-47.768000 
-61.849000 
-68.208000 
-66.747000 
-61.223000 
-55.005000 
-49.174000 
-42.726000 
-34.171000 
-23.145000 
-9.310000 
9.508000 
33.596000 
54.462000 
57.267000 
34.854000 
-3.458000 
-40.995000 
-69.104000 
-89.650000 
-105.787000 
-117.017000 
-123.399000 
-128.606000 
-136.060000 
-145.011000 
-152.508000 
-157.023000 
-157.853000 
-152.436000 
-137.413000 
-113.079000 
-84.913000 
-59.204000 
-37.861000 
-18.739000 
-0.217000 
16.580000 
30.061000 
40.187000 
47.006000 
48.964000 
44.111000 
31.965000 
13.479000 
-9.244000 
-32.215000 
-50.426000 
-61.194000 
-65.664000 
-66.015000 
-62.744000 
-55.799000 
-46.370000 
-35.679000 
-23.258000 
-8.503000 
6.591000 
18.023000 
23.572000 
25.366000 
28.297000 
35.496000 
45.011000 
51.171000 
49.588000 
40.694000 
28.525000 
17.244000 
9.356000 
6.061000 
7.869000 
14.498000 
24.317000 
34.029000 
39.484000 
37.604000 
28.003000 
13.337000 
-1.376000 
-10.783000 
-12.611000 
-9.397000 
-5.439000 
-2.384000 
0.436000 
2.531000 
2.599000 
2.008000 
3.997000 
8.972000 
14.378000 
19.565000 
26.221000 
32.627000 
31.995000 
19.133000 
-4.077000 
-31.574000 
-58.814000 
-84.091000 
-106.887000 
-126.868000 
-143.071000 
-153.167000 
-155.144000 
-150.121000 
-141.465000 
-130.827000 
-117.364000 
-101.359000 
-86.033000 
-74.389000 
-65.682000 
-55.844000 
-40.178000 
-15.629000 
17.119000 
52.392000 
82.140000 
101.764000 
112.645000 
117.643000 
115.624000 
103.016000 
80.152000 
52.657000 
25.412000 
-1.913000 
-31.067000 
-59.402000 
-81.439000 
-95.747000 
-106.860000 
-119.608000 
-133.876000 
-145.480000 
-149.671000 
-142.983000 
-124.605000 
-98.100000 
-69.816000 
-43.494000 
-18.225000 
6.021000 
23.758000 
29.843000 
29.502000 
36.631000 
59.141000 
89.350000 
112.181000 
120.455000 
118.781000 
114.693000 
110.954000 
106.640000 
101.041000 
94.159000 
85.734000 
75.902000 
66.012000 
57.611000 
51.017000 
45.012000 
36.988000 
23.506000 
2.476000 
-24.130000 
-50.452000 
-70.584000 
-82.309000 
-87.221000 
-88.001000 
-86.232000 
-82.291000 
-76.190000 
-67.912000 
-57.534000 
-45.875000 
-35.070000 
-27.891000 
-26.160000 
-29.695000 
-36.373000 
-43.145000 
-47.846000 
-50.527000 
-52.153000 
-51.659000 
-46.037000 
-34.507000 
-20.832000 
-9.442000 
-0.644000 
8.168000 
17.980000 
27.536000 
36.100000 
43.668000 
48.776000 
49.450000 
46.853000 
45.417000 
48.385000 
55.187000 
63.969000 
74.625000 
87.767000 
102.010000 
114.175000 
122.318000 
127.243000 
130.641000 
132.982000 
134.037000 
134.037000 
132.397000 
126.084000 
111.732000 
89.475000 
62.756000 
34.609000 
6.579000 
-19.097000 
-39.762000 
-55.459000 
-68.528000 
-79.111000 
-84.304000 
-82.985000 
-78.211000 
-73.113000 
-67.342000 
-59.574000 
-51.054000 
-44.423000 
-40.646000 
-38.866000 
-37.983000 
-37.022000 
-34.883000 
-30.848000 
-24.988000 
-17.961000 
-11.127000 
-6.486000 
-5.389000 
-7.581000 
-12.445000 
-20.612000 
-32.956000 
-48.360000 
-63.613000 
-75.424000 
-82.025000 
-83.562000 
-81.809000 
-78.775000 
-74.707000 
-68.172000 
-58.728000 
-48.489000 
-39.978000 
-33.349000 
-27.003000 
-20.404000 
-14.825000 
-11.159000 
-7.982000 
-2.488000 
6.621000 
17.470000 
26.674000 
32.563000 
35.814000 
36.792000 
34.038000 
26.828000 
17.833000 
11.216000 
8.853000 
10.114000 
14.354000 
21.332000 
29.649000 
37.031000 
42.268000 
45.482000 
46.946000 
47.032000 
46.890000 
47.879000 
50.762000 
56.191000 
64.857000 
76.035000 
87.151000 
95.987000 
102.366000 
106.794000 
108.882000 
108.323000 
106.372000 
105.223000 
106.469000 
110.487000 
116.334000 
122.086000 
126.313000 
129.181000 
131.293000 
132.174000 
131.488000 
130.962000 
132.943000 
137.090000 
140.153000 
138.815000 
131.534000 
118.412000 
101.167000 
82.811000 
65.747000 
50.409000 
36.703000 
25.609000 
17.734000 
11.277000 
3.407000 
-6.648000 
-17.123000 
-25.853000 
-31.776000 
-35.120000 
-37.706000 
-42.718000 
-52.484000 
-66.109000 
-80.062000 
-91.194000 
-98.537000 
-102.435000 
-103.047000 
-100.166000 
-93.846000 
-84.441000 
-72.170000 
-57.337000 
-41.165000 
-25.764000 
-12.655000 
-1.848000 
7.055000 
13.443000 
16.326000 
15.942000 
13.505000 
9.532000 
3.633000 
-4.090000 
-12.622000 
-21.141000 
-29.392000 
-36.881000 
-42.785000 
-46.882000 
-49.672000 
-51.474000 
-52.165000 
-51.741000 
-50.215000 
-47.041000 
-41.609000 
-34.477000 
-27.546000 
-23.028000 
-22.392000 
-25.576000 
-30.412000 
-33.563000 
-33.271000 
-31.128000 
-30.310000 
-32.237000 
-35.580000 
-38.052000 
-38.218000 
-35.817000 
-31.443000 
-26.275000 
-21.543000 
-18.046000 
-16.209000 
-16.341000 
-18.507000 
-22.344000 
-27.394000 
-33.468000 
-40.327000 
-47.213000 
-53.212000 
-58.061000 
-62.035000 
-65.072000 
-66.766000 
-67.127000 
-66.143000 
-62.382000 
-53.654000 
-40.039000 
-24.799000 
-11.175000 
0.248000 
9.787000 
16.281000 
18.628000 
18.269000 
17.696000 
17.399000 
16.492000 
15.672000 
17.281000 
22.828000 
32.164000 
44.497000 
58.508000 
72.100000 
83.673000 
93.200000 
100.785000 
105.117000 
104.987000 
101.720000 
98.446000 
96.999000 
96.545000 
95.063000 
91.405000 
85.931000 
79.533000 
72.218000 
62.895000 
50.777000 
36.454000 
21.219000 
6.002000 
-8.439000 
-21.049000 
-30.854000 
-37.266000 
-39.799000 
-38.665000 
-35.968000 
-34.719000 
-35.844000 
-37.332000 
-37.011000 
-34.956000 
-32.619000 
-31.040000 
-30.749000 
-32.242000 
-35.574000 
-40.152000 
-45.466000 
-51.385000 
-57.587000 
-63.580000 
-69.369000 
-75.092000 
-79.604000 
-80.413000 
-75.641000 
-65.676000 
-52.631000 
-38.540000 
-24.262000 
-9.772000 
4.894000 
19.136000 
32.265000 
44.146000 
54.900000 
64.026000 
70.410000 
73.349000 
73.022000 
69.710000 
63.164000 
53.212000 
40.693000 
27.142000 
13.554000 
-0.115000 
-14.164000 
-28.281000 
-41.714000 
-53.813000 
-63.916000 
-71.115000 
-74.828000 
-75.492000 
-74.022000 
-70.775000 
-65.844000 
-60.148000 
-55.125000 
-51.202000 
-47.593000 
-43.819000 
-40.312000 
-37.141000 
-33.162000 
-27.075000 
-18.710000 
-8.846000 
1.545000 
11.581000 
20.772000 
29.511000 
38.674000 
48.322000 
57.256000 
64.131000 
68.456000 
70.198000 
69.035000 
64.685000 
57.901000 
50.652000 
45.012000 
41.827000 
40.640000 
40.980000 
43.311000 
48.299000 
55.393000 
62.766000 
68.580000 
71.578000 
70.575000 
64.474000 
53.457000 
39.541000 
25.280000 
12.130000 
0.267000 
-10.555000 
-20.377000 
-28.843000 
-35.203000 
-38.892000 
-40.311000 
-40.557000 
-40.221000 
-39.187000 
-37.761000 
-36.980000 
-37.304000 
-38.034000 
-38.552000 
-39.203000 
-40.344000 
-41.645000 
-43.001000 
-45.043000 
-47.970000 
-50.978000 
-53.546000 
-56.144000 
-58.955000 
-61.121000 
-61.929000 
-61.429000 
-59.155000 
-53.788000 
-45.166000 
-35.424000 
-27.061000 
-20.822000 
-16.142000 
-12.557000 
-9.841000 
-7.726000 
-6.335000 
-6.272000 
-7.709000 
-9.907000 
-11.791000 
-12.394000 
-10.790000 
-6.488000 
-0.067000 
7.146000 
14.065000 
20.096000 
24.756000 
27.646000 
28.669000 
27.890000 
25.425000 
21.679000 
17.225000 
12.248000 
6.622000 
0.731000 
-4.421000 
-8.160000 
-10.511000 
-11.192000 
-8.819000 
-1.827000 
9.693000 
23.297000 
35.521000 
44.129000 
49.053000 
51.056000 
49.894000 
44.509000 
35.000000 
23.507000 
12.784000 
4.360000 
-1.819000 
-6.755000 
-11.824000 
-18.232000 
-26.334000 
-35.521000 
-44.877000 
-53.784000 
-61.887000 
-68.867000 
-74.495000 
-78.766000 
-81.841000 
-83.903000 
-84.943000 
-84.465000 
-81.545000 
-75.612000 
-67.277000 
-57.976000 
-48.591000 
-38.845000 
-28.400000 
-18.145000 
-9.722000 
-3.879000 
0.041000 
2.892000 
4.784000 
5.650000 
6.173000 
7.679000 
11.335000 
17.555000 
25.708000 
34.178000 
41.265000 
46.384000 
50.025000 
52.545000 
53.754000 
53.853000 
53.688000 
53.513000 
52.582000 
50.579000 
48.208000 
45.290000 
39.708000 
29.963000 
17.899000 
7.096000 
-0.843000 
-6.668000 
-10.908000 
-13.206000 
-14.081000 
-15.217000 
-17.582000 
-20.709000 
-23.947000 
-26.959000 
-29.014000 
-29.290000 
-27.991000 
-25.955000 
-23.230000 
-19.251000 
-14.120000 
-8.438000 
-2.212000 
4.817000 
12.056000 
18.460000 
23.727000 
28.175000 
32.140000 
36.448000 
42.591000 
51.078000 
60.189000 
67.499000 
72.110000 
74.555000 
75.333000 
74.552000 
72.344000 
68.731000 
63.749000 
58.242000 
53.487000 
49.294000 
43.666000 
35.344000 
25.868000 
18.207000 
14.104000 
13.493000 
15.656000 
19.855000 
25.079000 
29.890000 
32.495000 
31.081000 
24.887000 
15.288000 
5.107000 
-3.689000 
-11.119000 
-17.838000 
-23.591000 
-27.604000 
-29.760000 
-30.444000 
-29.731000 
-27.711000 
-25.385000 
-24.232000 
-24.761000 
-26.226000 
-27.861000 
-29.609000 
-31.484000 
-33.075000 
-34.168000 
-35.274000 
-37.018000 
-39.370000 
-41.815000 
-43.882000 
-45.204000 
-45.424000 
-44.390000 
-42.184000 
-38.702000 
-33.483000 
-26.368000 
-18.205000 
-10.527000 
-4.349000 
0.588000 
5.223000 
9.967000 
14.398000 
18.128000 
21.196000 
23.092000 
22.058000 
16.533000 
7.398000 
-2.103000 
-8.990000 
-12.656000 
-14.353000 
-15.329000 
-15.784000 
-15.155000 
-12.961000 
-9.461000 
-5.520000 
-1.756000 
1.896000 
5.446000 
8.206000 
9.616000 
10.336000 
11.579000 
13.472000 
15.068000 
15.908000 
16.496000 
17.095000 
17.102000 
15.809000 
12.866000 
8.058000 
1.763000 
-4.402000 
-8.746000 
-11.351000 
-13.506000 
-15.477000 
-16.529000 
-16.947000 
-17.929000 
-19.405000 
-20.265000 
-20.913000 
-22.962000 
-25.932000 
-27.118000 
-25.649000 
-23.860000 
-23.370000 
-22.568000 
-19.613000 
-15.417000 
-11.790000 
-8.758000 
-5.746000 
-3.711000 
-3.995000 
-6.139000 
-8.595000 
-10.791000 
-13.118000 
-15.486000 
-17.108000 
-17.421000 
-16.539000 
-15.137000 
-14.232000 
-14.662000 
-16.533000 
-19.427000 
-23.059000 
-27.327000 
-31.900000 
-36.176000 
-39.510000 
-41.312000 
-41.261000 
-39.541000 
-36.430000 
-31.933000 
-26.642000 
-22.496000 
-21.142000 
-21.497000 
-20.480000 
-16.422000 
-10.364000 
-3.940000 
2.313000 
8.256000 
13.545000 
18.264000 
22.791000 
26.632000 
28.741000 
29.050000 
28.185000 
25.859000 
21.480000 
16.365000 
13.129000 
12.398000 
12.150000 
10.985000 
10.169000 
11.507000 
14.761000 
18.244000 
20.877000 
22.727000 
24.232000 
25.707000 
27.343000 
29.363000 
32.271000 
36.724000 
42.872000 
50.171000 
58.067000 
66.253000 
73.983000 
80.063000 
84.099000 
86.976000 
89.580000 
91.854000 
93.587000 
95.181000 
96.913000 
98.250000 
98.547000 
97.825000 
96.371000 
94.127000 
90.848000 
86.324000 
80.213000 
72.169000 
62.284000 
51.012000 
38.874000 
26.897000 
17.111000 
11.585000 
10.643000 
12.483000 
14.664000 
15.656000 
15.134000 
13.445000 
11.087000 
8.387000 
5.390000 
2.001000 
-1.759000 
-5.542000 
-8.669000 
-10.334000 
-9.911000 
-7.195000 
-2.571000 
2.852000 
7.449000 
9.845000 
9.680000 
7.553000 
4.283000 
0.497000 
-3.249000 
-6.543000 
-9.575000 
-13.112000 
-17.692000 
-22.953000 
-27.905000 
-31.659000 
-33.794000 
-34.303000 
-33.459000 
-31.668000 
-29.321000 
-26.794000 
-24.595000 
-23.309000 
-23.304000 
-24.556000 
-26.840000 
-29.997000 
-33.903000 
-38.233000 
-42.382000 
-45.732000 
-47.995000 
-49.193000 
-49.342000 
-48.313000 
-46.066000 
-42.888000 
-39.289000 
-35.675000 
-32.054000 
-27.859000 
-22.103000 
-14.084000 
-4.208000 
5.995000 
14.810000 
21.252000 
25.137000 
26.633000 
25.958000 
23.243000 
18.411000 
11.309000 
2.229000 
-7.751000 
-17.103000 
-24.625000 
-29.921000 
-33.299000 
-35.337000 
-36.496000 
-36.959000 
-36.660000 
-35.432000 
-33.255000 
-30.426000 
-27.426000 
-24.562000 
-21.893000 
-19.514000 
-17.533000 
-15.470000 
-12.017000 
-5.991000 
2.416000 
11.641000 
19.955000 
26.310000 
30.180000 
31.282000 
29.827000 
26.675000 
22.796000 
18.593000 
13.983000 
9.049000 
4.335000 
0.378000 
-2.812000 
-5.605000 
-8.221000 
-10.690000 
-13.255000 
-16.362000 
-20.071000 
-23.807000 
-26.972000 
-29.602000 
-32.146000 
-34.691000 
-36.662000 
-37.323000 
-36.586000 
-35.357000 
-34.986000 
-36.173000 
-38.448000 
-40.786000 
-42.485000 
-43.237000 
-42.752000 
-40.847000 
-37.838000 
-34.405000 
-31.042000 
-27.903000 
-25.079000 
-22.685000 
-20.710000 
-19.065000 
-17.773000 
-16.951000 
-16.618000 
-16.676000 
-16.967000 
-17.302000 
-17.554000 
-17.784000 
-18.145000 
-18.670000 
-19.229000 
-19.626000 
-19.671000 
-19.277000 
-18.551000 
-17.536000 
-15.863000 
-13.043000 
-9.190000 
-4.961000 
-0.687000 
3.819000 
8.328000 
11.787000 
13.256000 
12.781000 
11.009000 
8.468000 
5.580000 
2.967000 
1.349000 
1.274000 
2.899000 
5.657000 
8.230000 
9.274000 
8.174000 
5.121000 
0.902000 
-3.335000 
-6.971000 
-10.741000 
-15.547000 
-20.219000 
-22.172000 
-21.017000 
-19.591000 
-20.061000 
-20.840000 
-19.150000 
-15.062000 
-10.876000 
-7.677000 
-4.696000 
-1.435000 
1.657000 
4.399000 
7.126000 
9.822000 
12.185000 
14.345000 
16.611000 
18.801000 
20.606000 
22.185000 
23.726000 
25.010000 
25.972000 
27.005000 
28.229000 
29.197000 
29.762000 
30.380000 
31.266000 
32.210000 
33.379000 
35.223000 
37.479000 
39.460000 
41.305000 
43.668000 
46.333000 
48.499000 
50.115000 
51.489000 
52.115000 
51.455000 
50.166000 
48.784000 
46.120000 
40.925000 
34.165000 
27.587000 
21.221000 
14.681000 
9.547000 
7.617000 
7.856000 
7.897000 
7.498000 
7.761000 
8.234000 
7.859000 
7.589000 
8.737000 
9.786000 
8.244000 
4.852000 
2.553000 
1.849000 
0.493000 
-2.547000 
-5.996000 
-9.097000 
-12.549000 
-16.348000 
-19.169000 
-20.422000 
-21.155000 
-22.547000 
-24.726000 
-26.958000 
-27.887000 
-25.994000 
-21.090000 
-15.183000 
-10.823000 
-8.717000 
-7.637000 
-6.187000 
-3.873000 
-0.835000 
2.473000 
5.337000 
7.218000 
8.281000 
9.162000 
10.180000 
11.036000 
11.401000 
11.561000 
12.261000 
13.897000 
16.059000 
17.997000 
19.350000 
20.146000 
20.263000 
19.322000 
17.214000 
14.464000 
11.958000 
10.430000 
10.218000 
11.290000 
13.356000 
16.007000 
18.879000 
21.738000 
24.439000 
26.817000 
28.692000 
30.001000 
30.758000 
30.812000 
29.818000 
27.642000 
24.683000 
21.609000 
18.832000 
16.369000 
14.151000 
12.218000 
10.565000 
8.971000 
7.088000 
4.745000 
2.190000 
0.018000 
-1.283000 
-1.805000 
-2.114000 
-2.545000 
-2.810000 
-2.511000 
-1.848000 
-1.426000 
-1.403000 
-1.308000 
-0.754000 
0.039000 
0.649000 
0.988000 
1.130000 
0.852000 
-0.219000 
-1.991000 
-3.767000 
-4.892000 
-5.434000 
-6.064000 
-7.279000 
-8.916000 
-10.525000 
-11.967000 
-13.328000 
-14.432000 
-14.924000 
-14.860000 
-14.658000 
-14.395000 
-13.702000 
-12.546000 
-11.574000 
-11.411000 
-12.078000 
-13.310000 
-14.915000 
-16.603000 
-18.030000 
-19.244000 
-20.524000 
-21.649000 
-22.026000 
-21.753000 
-21.728000 
-22.365000 
-23.020000 
-23.106000 
-22.918000 
-22.800000 
-22.277000 
-20.779000 
-18.695000 
-16.892000 
-15.512000 
-13.984000 
-12.051000 
-10.076000 
-8.397000 
-6.982000 
-5.800000 
-5.004000 
-4.596000 
-4.278000 
-3.821000 
-3.293000 
-2.686000 
-1.558000 
0.533000 
3.110000 
4.630000 
3.770000 
1.026000 
-1.282000 
-0.971000 
2.183000 
6.725000 
11.247000 
15.330000 
19.112000 
22.777000 
26.533000 
30.382000 
33.688000 
35.522000 
35.620000 
34.469000 
32.342000 
29.004000 
24.789000 
21.167000 
19.403000 
18.840000 
17.236000 
12.945000 
6.450000 
-0.182000 
-4.962000 
-7.127000 
-7.278000 
-6.762000 
-6.702000 
-7.291000 
-8.072000 
-8.817000 
-9.675000 
-10.449000 
-10.521000 
-9.912000 
-9.580000 
-10.006000 
-10.224000 
-9.108000 
-6.931000 
-4.705000 
-2.589000 
-0.050000 
2.842000 
5.292000 
6.640000 
6.590000 
5.011000 
2.055000 
-1.992000 
-7.201000 
-13.389000 
-18.967000 
-21.854000 
-22.037000 
-21.786000 
-22.799000 
-24.499000 
-25.539000 
-25.349000 
-23.664000 
-20.299000 
-16.359000 
-14.302000 
-15.705000 
-19.670000 
-23.876000 
-26.465000 
-26.697000 
-24.861000 
-22.121000 
-19.798000 
-18.308000 
-16.979000 
-14.944000 
-11.966000 
-8.545000 
-5.542000 
-3.747000 
-3.662000 
-5.435000 
-8.495000 
-11.226000 
-11.904000 
-10.559000 
-9.224000 
-9.735000 
-12.097000 
-15.490000 
-19.532000 
-23.504000 
-25.770000 
-25.602000 
-24.479000 
-23.899000 
-22.840000 
-19.214000 
-13.009000 
-6.060000 
0.602000 
7.041000 
12.518000 
15.522000 
15.763000 
14.414000 
12.454000 
10.326000 
8.903000 
8.921000 
9.667000 
10.059000 
10.744000 
13.055000 
16.151000 
17.646000 
17.266000 
17.325000 
18.931000 
20.240000 
19.649000 
18.502000 
19.021000 
21.157000 
23.154000 
24.065000 
24.120000 
23.344000 
21.326000 
18.121000 
14.448000 
11.117000 
8.706000 
7.341000 
6.453000 
5.258000 
3.761000 
2.704000 
2.383000 
2.313000 
2.237000 
2.587000 
3.624000 
5.067000 
6.989000 
10.108000 
14.527000 
18.845000 
21.109000 
20.371000 
17.267000 
13.720000 
12.000000 
13.022000 
15.206000 
15.948000 
14.513000 
12.485000 
11.147000 
9.699000 
6.680000 
1.963000 
-3.474000 
-8.766000 
-13.278000 
-16.263000 
-17.321000 
-16.794000 
-15.208000 
-12.783000 
-9.799000 
-6.820000 
-4.228000 
-2.025000 
-0.246000 
0.932000 
1.554000 
1.892000 
2.143000 
2.499000 
3.195000 
4.086000 
4.570000 
4.350000 
3.806000 
3.263000 
2.586000 
1.842000 
1.522000 
1.599000 
1.200000 
-0.201000 
-2.102000 
-3.904000 
-5.585000 
-6.890000 
-6.913000 
-5.291000 
-3.040000 
-1.498000 
-1.187000 
-2.150000 
-4.358000 
-6.993000 
-8.355000 
-7.582000 
-5.822000 
-4.770000 
-4.672000 
-4.728000 
-4.770000 
-5.339000 
-6.433000 
-7.388000 
-8.004000 
-8.805000 
-10.096000 
-11.600000 
-13.115000 
-14.826000 
-16.746000 
-18.362000 
-19.025000 
-18.352000 
-16.234000 
-12.896000 
-9.021000 
-5.446000 
-2.537000 
-0.089000 
2.105000 
3.899000 
5.113000 
5.898000 
6.522000 
6.962000 
7.020000 
6.702000 
6.149000 
5.304000 
3.997000 
2.369000 
0.776000 
-0.785000 
-2.718000 
-5.115000 
-7.374000 
-8.789000 
-9.279000 
-9.243000 
-8.919000 
-8.242000 
-7.329000 
-6.730000 
-6.929000 
-7.663000 
-8.076000 
-7.696000 
-6.992000 
-6.677000 
-6.741000 
-6.526000 
-5.504000 
-3.620000 
-1.122000 
1.466000 
3.571000 
5.288000 
7.491000 
10.639000 
13.929000 
16.292000 
17.596000 
18.016000 
16.924000 
13.662000 
9.006000 
4.562000 
0.941000 
-2.255000 
-4.895000 
-6.141000 
-5.846000 
-4.898000 
-3.954000 
-2.822000 
-1.264000 
0.470000 
2.095000 
3.539000 
4.526000 
4.585000 
3.741000 
2.722000 
2.218000 
2.231000 
2.274000 
1.912000 
1.035000 
-0.121000 
-1.048000 
-1.251000 
-0.609000 
0.601000 
2.072000 
3.708000 
5.439000 
6.967000 
7.917000 
8.168000 
7.875000 
7.238000 
6.504000 
6.131000 
6.606000 
7.972000 
9.794000 
11.665000 
13.518000 
15.396000 
17.187000 
18.731000 
19.978000 
20.928000 
21.530000 
21.682000 
21.253000 
20.142000 
18.433000 
16.492000 
14.785000 
13.590000 
12.905000 
12.548000 
12.303000 
12.060000 
11.893000 
11.931000 
12.225000 
12.862000 
14.051000 
15.824000 
17.762000 
19.335000 
20.474000 
21.494000 
22.554000 
23.518000 
24.238000 
24.614000 
24.488000 
23.829000 
22.882000 
21.839000 
20.574000 
19.072000 
17.799000 
17.190000 
17.052000 
16.956000 
16.867000 
16.900000 
16.785000 
16.149000 
15.042000 
13.680000 
12.003000 
9.964000 
7.914000 
6.213000 
4.837000 
3.804000 
3.528000 
4.221000 
5.382000 
6.392000 
7.215000 
8.006000 
8.479000 
8.238000 
7.422000 
6.494000 
5.666000 
4.908000 
4.213000 
3.478000 
2.365000 
0.568000 
-1.981000 
-5.300000 
-9.379000 
-13.856000 
-18.024000 
-21.369000 
-23.805000 
-25.332000 
-25.793000 
-25.186000 
-23.963000 
-22.766000 
-21.924000 
-21.268000 
-20.457000 
-19.499000 
-18.848000 
-18.913000 
-19.553000 
-20.347000 
-21.215000 
-22.429000 
-24.054000 
-25.809000 
-27.525000 
-29.329000 
-31.229000 
-32.896000 
-33.996000 
-34.495000 
-34.458000 
-33.746000 
-32.100000 
-29.451000 
-26.092000 
-22.583000 
-19.398000 
-16.586000 
-13.857000 
-11.063000 
-8.389000 
-5.937000 
-3.393000 
-0.442000 
2.603000 
4.964000 
6.227000 
6.658000 
6.679000 
6.381000 
5.712000 
4.802000 
3.774000 
2.470000 
0.684000 
-1.426000 
-3.411000 
-4.971000 
-6.032000 
-6.559000 
-6.584000 
-6.360000 
-6.164000 
-5.923000 
-5.290000 
-4.062000 
-2.310000 
-0.175000 
2.172000 
4.424000 
6.312000 
7.925000 
9.615000 
11.543000 
13.520000 
15.268000 
16.627000 
17.514000 
17.867000 
17.634000 
16.757000 
15.270000 
13.468000 
11.770000 
10.292000 
8.842000 
7.503000 
6.858000 
7.299000 
8.414000 
9.492000 
10.422000 
11.578000 
12.950000 
13.988000 
14.393000 
14.541000 
14.848000 
15.144000 
14.960000 
14.123000 
12.744000 
10.868000 
8.565000 
6.246000 
4.484000 
3.456000 
2.817000 
2.169000 
1.416000 
0.615000 
-0.231000 
-1.117000 
-1.961000 
-2.784000 
-3.828000 
-5.291000 
-7.006000 
-8.568000 
-9.823000 
-10.997000 
-12.262000 
-13.458000 
-14.434000 
-15.423000 
-16.781000 
-18.532000 
-20.513000 
-22.813000 
-25.636000 
-28.813000 
-31.874000 
-34.575000 
-36.901000 
-38.601000 
-39.237000 
-38.742000 
-37.431000 
-35.469000 
-32.934000 
-30.386000 
-28.619000 
-27.646000 
-26.688000 
-25.349000 
-24.027000 
-22.883000 
-21.341000 
-19.107000 
-16.864000 
-15.262000 
-13.902000 
-12.031000 
-9.615000 
-7.049000 
-4.431000 
-1.851000 
0.186000 
1.461000 
2.603000 
4.158000 
5.663000 
6.497000 
7.066000 
8.092000 
9.207000 
9.381000 
8.457000 
7.142000 
5.583000 
3.162000 
-0.151000 
-3.288000 
-5.259000 
-6.129000 
-6.512000 
-6.702000 
-6.684000 
-6.527000 
-6.380000 
-6.256000 
-6.109000 
-6.103000 
-6.576000 
-7.663000 
-9.027000 
-10.129000 
-10.776000 
-11.228000 
-11.709000 
-12.118000 
-12.323000 
-12.426000 
-12.457000 
-12.121000 
-11.189000 
-9.876000 
-8.495000 
-6.989000 
-5.180000 
-3.235000 
-1.467000 
0.056000 
1.264000 
1.761000 
1.229000 
-0.053000 
-1.576000 
-3.215000 
-5.088000 
-7.020000 
-8.629000 
-9.734000 
-10.314000 
-10.363000 
-10.199000 
-10.530000 
-11.692000 
-13.096000 
-13.932000 
-14.155000 
-14.251000 
-14.353000 
-14.181000 
-13.656000 
