6.380000 
6.400000 
6.440000 
6.470000 
6.490000 
6.530000 
6.530000 
6.560000 
6.560000 
6.560000 
6.560000 
6.560000 
6.580000 
6.580000 
6.580000 
6.580000 
6.580000 
6.580000 
6.580000 
6.580000 
6.580000 
6.600000 
6.620000 
6.620000 
6.620000 
6.640000 
6.640000 
6.640000 
6.640000 
6.640000 
6.640000 
6.640000 
6.640000 
6.670000 
6.670000 
6.690000 
6.690000 
6.690000 
6.690000 
6.690000 
6.690000 
6.690000 
6.690000 
6.690000 
6.690000 
6.710000 
6.730000 
6.760000 
6.760000 
6.760000 
6.760000 
6.760000 
6.760000 
6.760000 
6.760000 
6.760000 
6.760000 
6.760000 
6.760000 
6.760000 
6.760000 
6.760000 
6.780000 
6.780000 
6.800000 
6.820000 
6.820000 
6.820000 
6.820000 
6.820000 
6.820000 
6.820000 
6.820000 
6.820000 
6.820000 
6.820000 
6.820000 
6.820000 
6.820000 
6.820000 
6.820000 
6.820000 
6.800000 
6.800000 
6.800000 
6.780000 
6.780000 
6.780000 
6.780000 
6.780000 
6.760000 
6.760000 
6.760000 
6.760000 
6.760000 
6.760000 
6.760000 
6.760000 
6.760000 
6.760000 
6.760000 
6.760000 
6.760000 
6.760000 
6.760000 
6.760000 
6.760000 
6.760000 
6.760000 
6.760000 
6.760000 
6.760000 
6.760000 
6.760000 
6.760000 
6.760000 
6.760000 
6.760000 
6.760000 
6.760000 
6.760000 
6.760000 
6.760000 
6.760000 
6.760000 
6.760000 
6.760000 
6.760000 
6.760000 
6.760000 
6.760000 
6.780000 
6.780000 
6.800000 
6.820000 
6.820000 
6.820000 
6.820000 
6.820000 
6.820000 
6.840000 
6.870000 
6.870000 
6.890000 
6.890000 
6.910000 
6.910000 
6.910000 
6.910000 
6.910000 
6.890000 
6.870000 
6.840000 
6.820000 
6.800000 
6.800000 
6.780000 
6.780000 
6.760000 
6.760000 
6.760000 
6.760000 
6.730000 
6.730000 
6.710000 
6.710000 
6.690000 
6.690000 
6.690000 
6.690000 
6.690000 
6.690000 
6.690000 
6.690000 
6.690000 
6.690000 
6.670000 
6.640000 
6.620000 
6.600000 
6.530000 
6.490000 
6.400000 
6.310000 
6.270000 
6.240000 
6.330000 
6.420000 
6.670000 
6.910000 
7.310000 
7.710000 
8.160000 
8.580000 
8.780000 
8.980000 
8.760000 
8.530000 
8.040000 
7.560000 
7.130000 
6.710000 
6.530000 
6.380000 
6.360000 
6.360000 
6.360000 
6.380000 
6.380000 
6.400000 
6.440000 
6.470000 
6.490000 
6.510000 
6.530000 
6.560000 
6.560000 
6.580000 
6.580000 
6.580000 
6.580000 
6.580000 
6.580000 
6.580000 
6.580000 
6.580000 
6.580000 
6.580000 
6.600000 
6.620000 
6.620000 
6.640000 
6.640000 
6.640000 
6.640000 
6.640000 
6.640000 
6.670000 
6.670000 
6.690000 
6.690000 
6.690000 
6.690000 
6.690000 
6.690000 
6.690000 
6.690000 
6.690000 
6.690000 
6.710000 
6.710000 
6.710000 
6.710000 
6.710000 
6.730000 
6.730000 
6.760000 
6.760000 
6.760000 
6.760000 
6.760000 
6.760000 
6.760000 
6.760000 
6.760000 
6.760000 
6.760000 
6.760000 
6.760000 
6.760000 
6.780000 
6.780000 
6.800000 
6.820000 
6.820000 
6.820000 
6.820000 
6.820000 
6.820000 
6.820000 
6.820000 
6.820000 
6.820000 
6.820000 
6.820000 
6.820000 
6.820000 
6.820000 
6.820000 
6.820000 
6.800000 
6.800000 
6.780000 
6.760000 
6.760000 
6.760000 
6.760000 
6.760000 
6.760000 
6.760000 
6.760000 
6.760000 
6.760000 
6.760000 
6.760000 
6.760000 
6.760000 
6.760000 
6.760000 
6.760000 
6.760000 
6.760000 
6.760000 
6.760000 
6.760000 
6.760000 
6.760000 
6.760000 
6.760000 
6.760000 
6.760000 
6.760000 
6.760000 
6.760000 
6.760000 
6.760000 
6.760000 
6.760000 
6.760000 
6.760000 
6.760000 
6.760000 
6.760000 
6.760000 
6.760000 
6.760000 
6.760000 
6.760000 
6.760000 
6.780000 
6.780000 
6.800000 
6.800000 
6.800000 
6.820000 
6.820000 
6.820000 
6.840000 
6.840000 
6.870000 
6.870000 
6.890000 
6.890000 
6.890000 
6.890000 
6.890000 
6.890000 
6.890000 
6.870000 
6.870000 
6.840000 
6.820000 
6.800000 
6.800000 
6.780000 
6.780000 
6.760000 
6.760000 
6.760000 
6.730000 
6.730000 
6.710000 
6.710000 
6.710000 
6.690000 
6.690000 
6.690000 
6.690000 
6.670000 
6.670000 
6.670000 
6.690000 
6.690000 
6.690000 
6.670000 
6.640000 
6.620000 
6.580000 
6.510000 
6.440000 
6.360000 
6.270000 
6.240000 
6.200000 
6.310000 
6.400000 
6.640000 
6.910000 
7.310000 
7.710000 
8.130000 
8.560000 
8.760000 
8.960000 
8.730000 
8.510000 
8.020000 
7.530000 
7.110000 
6.690000 
6.530000 
6.380000 
6.380000 
6.360000 
6.380000 
6.380000 
6.400000 
6.400000 
6.420000 
6.470000 
6.490000 
6.510000 
6.510000 
6.510000 
6.510000 
6.510000 
6.510000 
6.530000 
6.530000 
6.560000 
6.560000 
6.560000 
6.580000 
6.580000 
6.580000 
6.580000 
6.580000 
6.580000 
6.580000 
6.580000 
6.580000 
6.580000 
6.580000 
6.580000 
6.580000 
6.600000 
6.620000 
6.620000 
6.640000 
6.640000 
6.640000 
6.670000 
6.670000 
6.690000 
6.690000 
6.690000 
6.690000 
6.690000 
6.690000 
6.690000 
6.690000 
6.710000 
6.730000 
6.760000 
6.760000 
6.760000 
6.760000 
6.760000 
6.760000 
6.760000 
6.760000 
6.760000 
6.760000 
6.760000 
6.760000 
6.760000 
6.760000 
6.760000 
6.780000 
6.780000 
6.800000 
6.820000 
6.820000 
6.820000 
6.820000 
6.820000 
6.820000 
6.820000 
6.820000 
6.820000 
6.820000 
6.820000 
6.820000 
6.820000 
6.820000 
6.820000 
6.800000 
6.800000 
6.780000 
6.780000 
6.760000 
6.760000 
6.760000 
6.760000 
6.760000 
6.760000 
6.760000 
6.760000 
6.760000 
6.760000 
6.760000 
6.760000 
6.760000 
6.760000 
6.760000 
6.760000 
6.760000 
6.760000 
6.760000 
6.760000 
6.760000 
6.760000 
6.760000 
6.760000 
6.760000 
6.760000 
6.760000 
6.760000 
6.760000 
6.760000 
6.760000 
6.760000 
6.760000 
6.760000 
6.760000 
6.760000 
6.760000 
6.760000 
6.760000 
6.760000 
6.760000 
6.760000 
6.760000 
6.760000 
6.760000 
6.760000 
6.760000 
6.760000 
6.760000 
6.760000 
6.760000 
6.760000 
6.760000 
6.760000 
6.780000 
6.780000 
6.800000 
6.820000 
6.840000 
6.870000 
6.870000 
6.890000 
6.890000 
6.890000 
6.870000 
6.870000 
6.840000 
6.820000 
6.800000 
6.780000 
6.780000 
6.780000 
6.780000 
6.760000 
6.730000 
6.710000 
6.710000 
6.690000 
6.690000 
6.710000 
6.710000 
6.710000 
6.690000 
6.670000 
6.670000 
6.640000 
6.640000 
6.670000 
6.670000 
6.670000 
6.670000 
6.670000 
6.640000 
6.640000 
6.600000 
6.580000 
6.510000 
6.440000 
6.360000 
6.270000 
6.220000 
6.180000 
6.270000 
6.360000 
6.600000 
6.870000 
7.270000 
7.670000 
8.090000 
8.530000 
8.760000 
8.980000 
8.780000 
8.600000 
8.110000 
7.620000 
7.160000 
6.710000 
6.530000 
6.360000 
6.360000 
6.330000 
6.360000 
6.360000 
6.380000 
6.400000 
6.420000 
6.470000 
6.490000 
6.510000 
6.510000 
6.510000 
6.510000 
6.510000 
6.510000 
6.510000 
6.510000 
6.530000 
6.530000 
6.560000 
6.580000 
6.580000 
6.580000 
6.580000 
6.580000 
6.580000 
6.580000 
6.580000 
6.580000 
6.580000 
6.580000 
6.580000 
6.580000 
6.580000 
6.600000 
6.620000 
6.620000 
6.640000 
6.640000 
6.640000 
6.640000 
6.670000 
6.670000 
6.690000 
6.690000 
6.690000 
6.690000 
6.690000 
6.690000 
6.690000 
6.710000 
6.710000 
6.730000 
6.730000 
6.730000 
6.730000 
6.730000 
6.730000 
6.760000 
6.760000 
6.760000 
6.760000 
6.760000 
6.760000 
6.760000 
6.760000 
6.760000 
6.760000 
6.760000 
6.760000 
6.760000 
6.760000 
6.760000 
6.760000 
6.760000 
6.760000 
6.760000 
6.760000 
6.760000 
6.760000 
6.760000 
6.760000 
6.760000 
6.760000 
6.760000 
6.760000 
6.760000 
6.760000 
6.760000 
6.760000 
6.760000 
6.760000 
6.760000 
6.760000 
6.760000 
6.760000 
6.730000 
6.730000 
6.710000 
6.710000 
6.710000 
6.710000 
6.710000 
6.710000 
6.710000 
6.710000 
6.710000 
6.710000 
6.710000 
6.730000 
6.730000 
6.730000 
6.710000 
6.710000 
6.710000 
6.710000 
6.730000 
6.760000 
6.760000 
6.760000 
6.760000 
6.730000 
6.730000 
6.730000 
6.730000 
6.760000 
6.760000 
6.760000 
6.760000 
6.760000 
6.760000 
6.760000 
6.760000 
6.760000 
6.760000 
6.760000 
6.760000 
6.760000 
6.760000 
6.760000 
6.760000 
6.780000 
6.780000 
6.800000 
6.800000 
6.820000 
6.820000 
6.820000 
6.820000 
6.820000 
6.840000 
6.870000 
6.870000 
6.870000 
6.840000 
6.800000 
6.780000 
6.760000 
6.760000 
6.760000 
6.730000 
6.730000 
6.710000 
6.710000 
6.690000 
6.670000 
6.670000 
6.670000 
6.670000 
6.670000 
6.640000 
6.640000 
6.620000 
6.600000 
6.600000 
6.600000 
6.600000 
6.620000 
6.600000 
6.600000 
6.580000 
6.580000 
6.560000 
6.530000 
6.440000 
6.380000 
6.290000 
6.180000 
6.160000 
6.110000 
6.220000 
6.310000 
6.580000 
6.840000 
7.240000 
7.670000 
8.110000 
8.580000 
8.780000 
8.980000 
8.780000 
8.560000 
8.040000 
7.530000 
7.090000 
6.620000 
6.440000 
6.290000 
6.290000 
6.290000 
6.310000 
6.330000 
6.330000 
6.360000 
6.380000 
6.380000 
6.400000 
6.420000 
6.440000 
6.470000 
6.470000 
6.470000 
6.470000 
6.470000 
6.470000 
6.490000 
6.490000 
6.510000 
6.510000 
6.510000 
6.510000 
6.510000 
6.510000 
6.510000 
6.510000 
6.510000 
6.510000 
6.510000 
6.510000 
6.510000 
6.510000 
6.530000 
6.530000 
6.560000 
6.580000 
6.580000 
6.580000 
6.580000 
6.580000 
6.580000 
6.580000 
6.580000 
6.580000 
6.580000 
6.580000 
6.580000 
6.580000 
6.600000 
6.620000 
6.640000 
6.640000 
6.670000 
6.670000 
6.670000 
6.670000 
6.670000 
6.690000 
6.690000 
6.690000 
6.690000 
6.690000 
6.690000 
6.710000 
6.710000 
6.730000 
6.760000 
6.760000 
6.760000 
6.760000 
6.760000 
6.760000 
6.760000 
6.760000 
6.760000 
6.760000 
6.760000 
6.760000 
6.760000 
6.760000 
6.760000 
6.760000 
6.760000 
6.760000 
6.760000 
6.760000 
6.760000 
6.760000 
6.760000 
6.760000 
6.760000 
6.730000 
6.730000 
6.710000 
6.710000 
6.690000 
6.690000 
6.690000 
6.690000 
6.690000 
6.690000 
6.690000 
6.690000 
6.690000 
6.690000 
6.670000 
6.670000 
6.670000 
6.690000 
6.690000 
6.690000 
6.690000 
6.690000 
6.690000 
6.690000 
6.690000 
6.710000 
6.710000 
6.710000 
6.710000 
6.730000 
6.730000 
6.730000 
6.730000 
6.730000 
6.760000 
6.760000 
6.760000 
6.760000 
6.760000 
6.760000 
6.760000 
6.760000 
6.760000 
6.760000 
6.760000 
6.760000 
6.760000 
6.760000 
6.760000 
6.760000 
6.780000 
6.780000 
6.800000 
6.820000 
6.820000 
6.840000 
6.870000 
6.870000 
6.870000 
6.890000 
6.890000 
6.870000 
6.840000 
6.820000 
6.780000 
6.760000 
6.760000 
6.760000 
6.760000 
6.730000 
6.710000 
6.710000 
6.690000 
6.690000 
6.690000 
6.690000 
6.690000 
6.690000 
6.670000 
6.640000 
6.640000 
6.620000 
6.620000 
6.640000 
6.640000 
6.640000 
6.620000 
6.620000 
6.600000 
6.580000 
6.560000 
6.510000 
6.440000 
6.380000 
6.310000 
6.220000 
6.220000 
6.200000 
6.360000 
6.490000 
6.800000 
7.090000 
7.530000 
8.000000 
8.400000 
8.800000 
8.870000 
8.960000 
8.620000 
8.310000 
7.780000 
7.240000 
6.870000 
6.490000 
6.380000 
6.270000 
6.290000 
6.310000 
6.360000 
6.380000 
6.400000 
6.420000 
6.440000 
6.470000 
6.490000 
6.510000 
6.510000 
6.510000 
6.510000 
6.510000 
6.510000 
6.510000 
6.510000 
6.510000 
6.510000 
6.510000 
6.530000 
6.530000 
6.530000 
6.560000 
6.560000 
6.560000 
6.560000 
6.560000 
6.580000 
6.580000 
6.580000 
6.580000 
6.580000 
6.580000 
6.580000 
6.580000 
6.580000 
6.580000 
6.580000 
6.580000 
6.580000 
6.600000 
6.620000 
6.620000 
6.620000 
6.640000 
6.640000 
6.640000 
6.670000 
6.690000 
6.690000 
6.710000 
6.690000 
6.690000 
6.690000 
6.690000 
6.710000 
6.710000 
6.730000 
6.760000 
6.760000 
6.760000 
6.760000 
6.760000 
6.760000 
6.760000 
6.760000 
6.760000 
6.760000 
6.760000 
6.760000 
6.760000 
6.760000 
6.760000 
6.760000 
6.760000 
6.760000 
6.760000 
6.760000 
6.760000 
6.760000 
6.760000 
6.760000 
6.760000 
6.760000 
6.760000 
6.760000 
6.760000 
6.760000 
6.760000 
6.760000 
6.760000 
6.760000 
6.760000 
6.760000 
6.760000 
6.760000 
6.760000 
6.760000 
6.760000 
6.760000 
6.760000 
6.760000 
6.730000 
6.730000 
6.730000 
6.730000 
6.730000 
6.730000 
6.730000 
6.730000 
6.760000 
6.760000 
6.760000 
6.760000 
6.760000 
6.760000 
6.760000 
6.760000 
6.760000 
6.760000 
6.760000 
6.760000 
6.760000 
6.760000 
6.760000 
6.760000 
6.760000 
6.760000 
6.760000 
6.760000 
6.760000 
6.760000 
6.780000 
6.780000 
6.780000 
6.780000 
6.780000 
6.800000 
6.800000 
6.820000 
6.820000 
6.820000 
6.840000 
6.840000 
6.870000 
6.870000 
6.890000 
6.890000 
6.890000 
6.870000 
6.870000 
6.870000 
6.870000 
6.840000 
6.840000 
6.820000 
6.820000 
6.800000 
6.800000 
6.780000 
6.760000 
6.730000 
6.710000 
6.710000 
6.690000 
6.690000 
6.710000 
6.710000 
6.710000 
6.690000 
6.690000 
6.670000 
6.640000 
6.640000 
6.640000 
6.670000 
6.690000 
6.690000 
6.690000 
6.670000 
6.620000 
6.600000 
6.560000 
6.490000 
6.440000 
6.360000 
6.290000 
6.270000 
6.240000 
6.380000 
6.490000 
6.780000 
7.070000 
7.470000 
7.890000 
8.310000 
8.710000 
8.820000 
8.960000 
8.640000 
8.330000 
7.800000 
7.270000 
6.910000 
6.530000 
6.420000 
6.310000 
6.330000 
6.330000 
6.360000 
6.380000 
6.400000 
6.420000 
6.440000 
6.470000 
6.490000 
6.510000 
6.530000 
6.560000 
6.560000 
6.560000 
6.530000 
6.530000 
6.530000 
6.530000 
6.560000 
6.560000 
6.580000 
6.580000 
6.580000 
6.580000 
6.580000 
6.580000 
6.600000 
6.620000 
6.620000 
6.640000 
6.640000 
6.640000 
6.640000 
6.640000 
6.640000 
6.640000 
6.640000 
6.640000 
6.640000 
6.670000 
6.670000 
6.690000 
6.690000 
6.710000 
6.710000 
6.710000 
6.690000 
6.690000 
6.690000 
6.710000 
6.730000 
6.760000 
6.760000 
6.760000 
6.760000 
6.760000 
6.760000 
6.760000 
6.760000 
6.760000 
6.760000 
6.760000 
6.760000 
6.760000 
6.760000 
6.760000 
6.760000 
6.780000 
6.780000 
6.800000 
6.800000 
6.800000 
6.800000 
6.800000 
6.800000 
6.800000 
6.820000 
6.820000 
6.820000 
6.820000 
6.820000 
6.820000 
6.820000 
6.820000 
6.820000 
6.820000 
6.800000 
6.800000 
6.780000 
6.780000 
6.760000 
6.760000 
6.760000 
6.760000 
6.760000 
6.760000 
6.760000 
6.760000 
6.760000 
6.760000 
6.760000 
6.760000 
6.760000 
6.760000 
6.760000 
6.730000 
6.730000 
6.710000 
6.710000 
6.710000 
6.730000 
6.760000 
6.760000 
6.760000 
6.760000 
6.760000 
6.760000 
6.760000 
6.760000 
6.760000 
6.760000 
6.760000 
6.760000 
6.760000 
6.760000 
6.760000 
6.760000 
6.760000 
6.760000 
6.760000 
6.760000 
6.760000 
6.760000 
6.760000 
6.780000 
6.780000 
6.800000 
6.820000 
6.800000 
6.800000 
6.800000 
6.800000 
6.800000 
6.820000 
6.840000 
6.870000 
6.870000 
6.890000 
6.890000 
6.890000 
6.870000 
6.870000 
6.870000 
6.870000 
6.840000 
6.840000 
6.820000 
6.820000 
6.800000 
6.800000 
6.780000 
6.760000 
6.760000 
6.730000 
6.710000 
6.710000 
6.710000 
6.710000 
6.710000 
6.710000 
6.710000 
6.690000 
6.690000 
6.690000 
6.690000 
6.690000 
6.690000 
6.690000 
6.690000 
6.690000 
6.670000 
6.670000 
6.620000 
6.600000 
6.530000 
6.470000 
6.400000 
6.310000 
6.270000 
6.240000 
6.330000 
6.440000 
6.710000 
6.960000 
7.360000 
7.760000 
8.180000 
8.580000 
8.760000 
8.930000 
8.690000 
8.470000 
7.980000 
7.470000 
7.040000 
6.640000 
6.470000 
6.310000 
6.310000 
6.290000 
6.330000 
6.360000 
6.380000 
6.400000 
6.420000 
6.440000 
6.470000 
6.510000 
6.510000 
6.530000 
6.530000 
6.560000 
6.560000 
6.560000 
6.560000 
6.560000 
6.560000 
6.560000 
6.580000 
6.580000 
6.580000 
6.580000 
6.580000 
6.580000 
6.580000 
6.580000 
6.580000 
6.580000 
6.580000 
6.580000 
6.580000 
6.580000 
6.580000 
6.600000 
6.620000 
6.640000 
6.640000 
6.640000 
6.670000 
6.670000 
6.670000 
6.690000 
6.690000 
6.690000 
6.690000 
6.690000 
6.690000 
6.690000 
6.710000 
6.710000 
6.730000 
6.760000 
6.760000 
6.760000 
6.760000 
6.760000 
6.760000 
6.760000 
6.760000 
6.760000 
6.760000 
6.760000 
6.760000 
6.760000 
6.760000 
6.760000 
6.760000 
6.780000 
6.780000 
6.780000 
6.780000 
6.780000 
6.800000 
6.800000 
6.820000 
6.820000 
6.820000 
6.820000 
6.820000 
6.820000 
6.820000 
6.820000 
6.820000 
6.820000 
6.800000 
6.800000 
6.780000 
6.760000 
6.760000 
6.760000 
6.760000 
6.760000 
6.760000 
6.760000 
6.760000 
6.760000 
6.760000 
6.760000 
6.760000 
6.760000 
6.760000 
6.760000 
6.760000 
6.760000 
6.760000 
6.760000 
6.760000 
6.760000 
6.760000 
6.760000 
6.760000 
6.760000 
6.760000 
6.760000 
6.760000 
6.760000 
6.760000 
6.760000 
6.760000 
6.760000 
6.760000 
6.760000 
6.760000 
6.760000 
6.760000 
6.760000 
6.760000 
6.760000 
6.760000 
6.760000 
6.760000 
6.760000 
6.760000 
6.760000 
6.760000 
6.760000 
6.760000 
6.780000 
6.780000 
6.800000 
6.800000 
6.820000 
6.820000 
6.840000 
6.870000 
6.870000 
6.870000 
6.890000 
6.890000 
6.890000 
6.870000 
6.870000 
6.840000 
6.840000 
6.820000 
6.800000 
6.780000 
6.780000 
6.760000 
6.760000 
6.760000 
6.730000 
6.730000 
6.710000 
6.710000 
6.690000 
6.690000 
6.710000 
6.710000 
6.710000 
6.690000 
6.690000 
6.670000 
6.670000 
6.670000 
6.690000 
6.690000 
6.690000 
6.670000 
6.640000 
6.620000 
6.600000 
6.560000 
6.490000 
6.420000 
6.330000 
6.270000 
6.220000 
6.290000 
6.330000 
6.530000 
6.760000 
7.110000 
7.470000 
7.890000 
8.330000 
8.620000 
8.910000 
8.820000 
8.760000 
8.310000 
7.870000 
7.380000 
6.870000 
6.620000 
6.400000 
6.360000 
6.330000 
6.330000 
6.330000 
6.360000 
6.360000 
6.380000 
6.420000 
6.440000 
6.490000 
6.510000 
6.530000 
6.560000 
6.560000 
6.580000 
6.580000 
6.580000 
6.580000 
6.580000 
6.580000 
6.580000 
6.580000 
6.580000 
6.580000 
6.580000 
6.580000 
6.580000 
6.600000 
6.620000 
6.640000 
6.620000 
6.620000 
6.620000 
6.600000 
6.600000 
6.620000 
6.620000 
6.640000 
6.640000 
6.640000 
6.640000 
6.640000 
6.640000 
6.670000 
6.670000 
6.690000 
6.690000 
6.690000 
6.690000 
6.690000 
6.710000 
6.710000 
6.730000 
6.760000 
6.760000 
6.760000 
6.760000 
6.760000 
6.760000 
6.760000 
6.760000 
6.760000 
6.760000 
6.760000 
6.760000 
6.760000 
6.760000 
6.780000 
6.780000 
6.800000 
6.800000 
6.800000 
6.800000 
6.800000 
6.820000 
6.820000 
6.820000 
6.820000 
6.820000 
6.820000 
6.820000 
6.820000 
6.820000 
6.820000 
6.820000 
6.820000 
6.800000 
6.800000 
6.780000 
6.780000 
6.760000 
6.760000 
6.760000 
6.760000 
6.760000 
6.760000 
6.760000 
6.760000 
6.760000 
6.760000 
6.760000 
6.760000 
6.760000 
6.760000 
6.760000 
6.760000 
6.760000 
6.760000 
6.760000 
6.760000 
6.760000 
6.760000 
6.760000 
6.760000 
6.760000 
6.760000 
6.760000 
6.760000 
6.760000 
6.760000 
6.760000 
6.760000 
6.760000 
6.760000 
6.760000 
6.760000 
6.760000 
6.760000 
6.760000 
6.760000 
6.760000 
6.760000 
6.760000 
6.760000 
6.760000 
6.760000 
6.760000 
6.760000 
6.760000 
6.760000 
6.760000 
6.780000 
6.780000 
6.800000 
6.800000 
6.820000 
6.820000 
6.840000 
6.870000 
6.870000 
6.870000 
6.890000 
6.890000 
6.890000 
6.870000 
6.870000 
6.840000 
6.840000 
6.820000 
6.820000 
6.800000 
6.800000 
6.780000 
6.760000 
6.730000 
6.710000 
6.690000 
6.690000 
6.690000 
6.690000 
6.690000 
6.690000 
6.690000 
6.690000 
6.670000 
6.670000 
6.670000 
6.690000 
6.690000 
6.690000 
6.670000 
6.640000 
6.640000 
6.620000 
6.600000 
6.560000 
6.490000 
6.420000 
6.330000 
6.270000 
6.220000 
6.200000 
6.310000 
6.440000 
6.710000 
6.980000 
7.400000 
7.820000 
8.240000 
8.670000 
8.820000 
8.960000 
8.690000 
8.420000 
7.910000 
7.400000 
7.000000 
6.600000 
6.470000 
6.330000 
6.330000 
6.330000 
6.360000 
6.360000 
6.380000 
6.400000 
6.420000 
6.440000 
6.470000 
6.490000 
6.490000 
6.510000 
6.510000 
6.530000 
6.530000 
6.530000 
6.530000 
6.530000 
6.560000 
6.560000 
6.580000 
6.580000 
6.580000 
6.580000 
6.580000 
6.580000 
6.580000 
6.580000 
6.580000 
6.580000 
6.580000 
6.580000 
6.600000 
6.620000 
6.640000 
6.670000 
6.670000 
6.690000 
6.690000 
6.690000 
6.690000 
6.690000 
6.690000 
6.690000 
6.690000 
6.690000 
6.690000 
6.690000 
6.690000 
6.710000 
6.730000 
6.760000 
6.760000 
6.760000 
6.760000 
6.760000 
6.760000 
6.760000 
6.760000 
6.760000 
6.760000 
6.760000 
6.760000 
6.760000 
6.760000 
6.780000 
6.780000 
6.800000 
6.820000 
6.820000 
6.820000 
6.820000 
6.820000 
6.820000 
6.820000 
6.820000 
6.820000 
6.820000 
6.820000 
6.820000 
6.820000 
6.820000 
6.820000 
6.820000 
6.800000 
6.800000 
6.800000 
6.780000 
6.780000 
6.780000 
6.780000 
6.780000 
6.760000 
6.760000 
6.760000 
6.760000 
6.760000 
6.760000 
6.760000 
6.760000 
6.760000 
6.760000 
6.760000 
6.760000 
6.760000 
6.760000 
6.760000 
6.760000 
6.760000 
6.760000 
6.760000 
6.760000 
6.760000 
6.760000 
6.760000 
6.760000 
6.760000 
6.760000 
6.760000 
6.760000 
6.760000 
6.760000 
6.760000 
6.760000 
6.760000 
6.760000 
6.760000 
6.760000 
6.760000 
6.760000 
6.760000 
6.760000 
6.760000 
6.760000 
6.760000 
6.760000 
6.760000 
6.760000 
6.780000 
6.780000 
6.800000 
6.820000 
6.820000 
6.820000 
6.820000 
6.820000 
6.840000 
6.870000 
6.890000 
6.910000 
6.910000 
6.910000 
6.910000 
6.910000 
6.890000 
6.870000 
6.840000 
6.820000 
6.820000 
6.800000 
6.800000 
6.800000 
6.780000 
6.780000 
6.760000 
6.760000 
6.760000 
6.760000 
6.730000 
6.730000 
6.710000 
6.710000 
6.690000 
6.690000 
6.690000 
6.690000 
6.690000 
6.690000 
6.690000 
6.690000 
6.690000 
6.690000 
6.690000 
6.670000 
6.620000 
6.580000 
6.490000 
6.400000 
6.310000 
6.220000 
6.240000 
6.290000 
6.440000 
6.620000 
6.930000 
7.270000 
7.710000 
8.130000 
8.490000 
8.870000 
8.870000 
8.890000 
8.510000 
8.110000 
7.600000 
7.090000 
6.780000 
6.490000 
6.420000 
6.360000 
6.360000 
6.380000 
6.400000 
6.400000 
6.420000 
6.470000 
6.490000 
6.510000 
6.510000 
6.530000 
6.530000 
6.530000 
6.560000 
6.560000 
6.580000 
6.580000 
6.580000 
6.580000 
6.580000 
6.580000 
6.580000 
6.580000 
6.600000 
6.620000 
6.620000 
6.640000 
6.620000 
6.620000 
6.620000 
6.620000 
6.640000 
6.640000 
6.670000 
6.670000 
6.670000 
6.670000 
6.670000 
6.670000 
6.670000 
6.690000 
6.690000 
6.690000 
6.690000 
6.690000 
6.690000 
6.690000 
6.710000 
6.710000 
6.730000 
6.760000 
6.760000 
6.760000 
6.760000 
6.760000 
6.760000 
6.760000 
6.760000 
6.760000 
6.760000 
6.760000 
6.760000 
6.780000 
6.780000 
6.800000 
6.820000 
6.820000 
6.820000 
6.820000 
6.820000 
6.820000 
6.820000 
6.820000 
6.820000 
6.820000 
6.820000 
6.840000 
6.840000 
6.840000 
6.840000 
6.840000 
6.820000 
6.820000 
6.820000 
6.840000 
6.820000 
6.820000 
6.820000 
6.820000 
6.820000 
6.820000 
6.800000 
6.800000 
6.780000 
6.780000 
6.760000 
6.760000 
6.760000 
6.760000 
6.760000 
6.760000 
6.760000 
6.760000 
6.760000 
6.760000 
6.760000 
6.760000 
6.760000 
6.760000 
6.760000 
6.760000 
6.760000 
6.760000 
6.760000 
6.760000 
6.760000 
6.760000 
6.760000 
6.760000 
6.760000 
6.760000 
6.760000 
6.760000 
6.760000 
6.760000 
6.760000 
6.760000 
6.760000 
6.760000 
6.760000 
6.760000 
6.760000 
6.760000 
6.760000 
6.780000 
6.780000 
6.780000 
6.780000 
6.780000 
6.800000 
6.800000 
6.820000 
6.820000 
6.820000 
6.820000 
6.820000 
6.840000 
6.870000 
6.870000 
6.890000 
6.890000 
6.890000 
6.890000 
6.890000 
6.890000 
6.870000 
6.870000 
6.840000 
6.820000 
6.800000 
6.800000 
6.780000 
6.760000 
6.760000 
6.760000 
6.760000 
6.760000 
6.760000 
6.730000 
6.730000 
6.710000 
6.710000 
6.690000 
6.690000 
6.690000 
6.690000 
6.690000 
6.690000 
6.690000 
6.690000 
6.690000 
6.690000 
6.690000 
6.670000 
6.640000 
6.580000 
6.510000 
6.420000 
6.330000 
6.290000 
6.240000 
6.310000 
6.380000 
6.580000 
6.800000 
7.160000 
7.530000 
8.000000 
8.440000 
8.710000 
8.980000 
8.840000 
8.710000 
8.240000 
7.780000 
7.310000 
6.840000 
6.620000 
6.420000 
6.400000 
6.380000 
6.380000 
6.400000 
6.400000 
6.420000 
6.440000 
6.470000 
6.490000 
6.510000 
6.510000 
6.510000 
6.510000 
6.530000 
6.530000 
6.560000 
6.580000 
6.580000 
6.580000 
6.580000 
6.580000 
6.580000 
6.580000 
6.580000 
6.580000 
6.580000 
6.580000 
6.580000 
6.580000 
6.580000 
6.580000 
6.580000 
6.580000 
6.600000 
6.620000 
6.620000 
6.640000 
6.640000 
6.640000 
6.670000 
6.670000 
6.690000 
6.690000 
6.690000 
6.690000 
6.690000 
6.690000 
6.690000 
6.690000 
6.710000 
6.710000 
6.730000 
6.710000 
6.710000 
6.710000 
6.710000 
6.730000 
6.760000 
6.760000 
6.760000 
6.760000 
6.760000 
6.760000 
6.760000 
6.760000 
6.760000 
6.760000 
6.760000 
6.760000 
6.760000 
6.760000 
6.760000 
6.780000 
6.780000 
6.800000 
6.800000 
6.800000 
6.800000 
6.800000 
6.800000 
6.820000 
6.820000 
6.820000 
6.820000 
6.800000 
6.800000 
6.780000 
6.760000 
6.760000 
6.760000 
6.760000 
6.760000 
6.760000 
6.760000 
6.760000 
6.760000 
6.760000 
6.760000 
6.760000 
6.760000 
6.760000 
6.760000 
6.760000 
6.730000 
6.730000 
6.730000 
6.730000 
6.760000 
6.760000 
6.760000 
6.730000 
6.710000 
6.710000 
6.710000 
6.730000 
6.730000 
6.760000 
6.760000 
6.760000 
6.760000 
6.760000 
6.760000 
6.760000 
6.760000 
6.760000 
6.760000 
6.760000 
6.760000 
6.760000 
6.760000 
6.760000 
6.760000 
6.760000 
6.760000 
6.760000 
6.760000 
6.760000 
6.760000 
6.780000 
6.780000 
6.800000 
6.820000 
6.820000 
6.820000 
6.820000 
6.820000 
6.820000 
6.840000 
6.840000 
6.870000 
6.870000 
6.890000 
6.870000 
6.870000 
6.840000 
6.840000 
6.820000 
6.820000 
6.800000 
6.800000 
6.780000 
6.760000 
6.760000 
6.730000 
6.710000 
6.710000 
6.690000 
6.690000 
6.690000 
6.690000 
6.670000 
6.670000 
6.640000 
6.640000 
6.640000 
6.640000 
6.620000 
6.620000 
6.620000 
6.600000 
6.620000 
6.620000 
6.620000 
6.620000 
6.580000 
6.530000 
6.420000 
6.330000 
6.240000 
6.160000 
6.180000 
6.200000 
6.360000 
6.510000 
6.820000 
7.130000 
7.580000 
8.020000 
8.420000 
8.820000 
8.890000 
8.960000 
8.600000 
8.240000 
7.710000 
7.200000 
6.840000 
6.490000 
6.400000 
6.310000 
6.330000 
6.330000 
6.360000 
6.360000 
6.380000 
6.420000 
6.440000 
6.470000 
6.490000 
6.510000 
6.510000 
6.510000 
6.510000 
6.510000 
6.510000 
6.510000 
6.510000 
6.510000 
6.510000 
6.530000 
6.530000 
6.560000 
6.560000 
6.560000 
6.580000 
6.580000 
6.580000 
6.580000 
6.580000 
6.580000 
6.580000 
6.580000 
6.580000 
6.580000 
6.580000 
6.580000 
6.580000 
6.580000 
6.600000 
6.620000 
6.620000 
6.640000 
6.640000 
6.640000 
6.640000 
6.670000 
6.670000 
6.690000 
6.690000 
6.710000 
6.710000 
6.710000 
6.690000 
6.690000 
6.710000 
6.710000 
6.730000 
6.760000 
6.760000 
6.760000 
6.760000 
6.760000 
6.760000 
6.760000 
6.760000 
6.760000 
6.760000 
6.760000 
6.760000 
6.760000 
6.780000 
6.780000 
6.800000 
6.800000 
6.800000 
6.780000 
6.780000 
6.780000 
6.780000 
6.780000 
6.800000 
6.800000 
6.780000 
6.780000 
6.760000 
6.760000 
6.760000 
6.760000 
6.760000 
6.760000 
6.760000 
6.760000 
6.760000 
6.760000 
6.760000 
6.760000 
6.760000 
6.760000 
6.760000 
6.760000 
6.760000 
6.760000 
6.760000 
6.760000 
6.760000 
6.760000 
6.760000 
6.760000 
6.760000 
6.760000 
6.760000 
6.760000 
6.760000 
6.760000 
6.760000 
6.760000 
6.760000 
6.760000 
6.760000 
6.760000 
6.760000 
6.760000 
6.760000 
6.760000 
6.760000 
6.760000 
6.760000 
6.760000 
6.760000 
6.760000 
6.760000 
6.760000 
6.760000 
6.760000 
6.760000 
6.760000 
6.760000 
6.780000 
6.780000 
6.800000 
6.800000 
6.780000 
6.780000 
6.780000 
6.800000 
6.820000 
6.820000 
6.840000 
6.870000 
6.870000 
6.870000 
6.890000 
6.870000 
6.870000 
6.840000 
6.840000 
6.820000 
6.800000 
6.780000 
6.780000 
6.760000 
6.760000 
6.760000 
6.730000 
6.730000 
6.710000 
6.710000 
6.690000 
6.690000 
6.690000 
6.670000 
6.670000 
6.640000 
6.640000 
6.620000 
6.620000 
6.600000 
6.600000 
6.600000 
6.620000 
6.620000 
6.640000 
6.600000 
6.580000 
6.490000 
6.420000 
6.330000 
6.240000 
6.220000 
6.180000 
6.290000 
6.380000 
6.640000 
6.910000 
7.330000 
7.780000 
8.200000 
8.640000 
8.840000 
9.020000 
8.780000 
8.530000 
8.020000 
7.490000 
7.070000 
6.620000 
6.470000 
6.330000 
6.330000 
6.330000 
6.360000 
6.380000 
6.400000 
6.420000 
6.440000 
6.470000 
6.490000 
6.510000 
6.510000 
6.510000 
6.510000 
6.510000 
6.530000 
6.530000 
6.560000 
6.560000 
6.560000 
6.560000 
6.560000 
6.560000 
6.580000 
6.580000 
6.580000 
6.580000 
6.580000 
6.580000 
6.600000 
6.620000 
6.620000 
6.620000 
6.620000 
6.620000 
6.620000 
6.620000 
6.620000 
6.640000 
6.640000 
6.670000 
6.670000 
6.690000 
6.690000 
6.690000 
6.690000 
6.690000 
6.690000 
6.690000 
6.690000 
6.690000 
6.690000 
6.710000 
6.710000 
6.710000 
6.730000 
6.730000 
6.760000 
6.760000 
6.760000 
6.760000 
6.760000 
6.760000 
6.760000 
6.760000 
6.760000 
6.760000 
6.760000 
6.760000 
6.760000 
6.760000 
6.760000 
6.760000 
6.760000 
6.780000 
6.780000 
6.780000 
6.780000 
6.780000 
6.780000 
6.780000 
6.780000 
6.780000 
6.780000 
6.780000 
6.760000 
6.760000 
6.760000 
6.760000 
6.760000 
6.780000 
6.780000 
6.780000 
6.760000 
6.760000 
6.760000 
6.760000 
6.760000 
6.760000 
6.760000 
6.760000 
6.760000 
6.760000 
6.760000 
6.760000 
6.760000 
6.760000 
6.760000 
6.760000 
6.760000 
6.760000 
6.760000 
6.760000 
6.760000 
6.760000 
6.760000 
6.760000 
6.760000 
6.760000 
6.760000 
6.760000 
6.760000 
6.760000 
6.760000 
6.760000 
6.760000 
6.760000 
6.760000 
6.760000 
6.760000 
6.760000 
6.760000 
6.760000 
6.760000 
6.760000 
6.760000 
6.780000 
6.780000 
6.800000 
6.820000 
6.820000 
6.820000 
6.820000 
6.820000 
6.820000 
6.820000 
6.840000 
6.870000 
6.890000 
6.910000 
6.930000 
6.930000 
6.960000 
6.930000 
6.930000 
6.910000 
6.890000 
6.870000 
6.870000 
6.840000 
6.820000 
6.800000 
6.800000 
6.780000 
6.760000 
6.760000 
6.730000 
6.730000 
6.710000 
6.710000 
6.710000 
6.710000 
6.710000 
6.710000 
6.710000 
6.690000 
6.690000 
6.690000 
6.690000 
6.690000 
6.690000 
6.690000 
6.690000 
6.670000 
6.640000 
6.580000 
6.510000 
6.440000 
6.360000 
6.330000 
6.290000 
6.330000 
6.400000 
6.600000 
6.800000 
7.180000 
7.530000 
7.980000 
8.440000 
8.710000 
8.980000 
8.820000 
8.690000 
8.200000 
7.710000 
7.240000 
6.780000 
6.580000 
6.360000 
6.330000 
6.310000 
6.330000 
6.360000 
6.380000 
6.420000 
6.440000 
6.490000 
6.490000 
6.510000 
6.510000 
6.510000 
6.510000 
6.530000 
6.530000 
6.560000 
6.560000 
6.560000 
6.560000 
6.560000 
6.560000 
6.560000 
6.580000 
6.580000 
6.580000 
6.580000 
6.580000 
6.580000 
6.580000 
6.580000 
6.580000 
6.600000 
6.600000 
6.620000 
6.620000 
6.620000 
6.620000 
6.640000 
6.670000 
6.690000 
6.690000 
6.710000 
6.690000 
6.690000 
6.690000 
6.690000 
6.690000 
6.690000 
6.690000 
6.690000 
6.710000 
6.710000 
6.730000 
6.760000 
6.760000 
6.760000 
6.760000 
6.760000 
6.760000 
6.760000 
6.760000 
6.760000 
6.760000 
6.760000 
6.760000 
6.760000 
6.760000 
6.760000 
6.760000 
6.760000 
6.760000 
6.780000 
6.780000 
6.800000 
6.800000 
6.800000 
6.800000 
6.800000 
6.800000 
6.800000 
6.820000 
6.820000 
6.820000 
6.800000 
6.800000 
6.800000 
6.800000 
6.800000 
6.820000 
6.820000 
6.800000 
6.800000 
6.780000 
6.760000 
6.760000 
6.760000 
6.760000 
6.760000 
6.760000 
6.760000 
6.760000 
6.760000 
6.760000 
6.760000 
6.760000 
6.760000 
6.760000 
6.760000 
6.760000 
6.760000 
6.760000 
6.760000 
6.760000 
6.760000 
6.760000 
6.760000 
6.760000 
6.760000 
6.760000 
6.760000 
6.760000 
6.760000 
6.760000 
6.760000 
6.760000 
6.760000 
6.760000 
6.760000 
6.760000 
6.760000 
6.760000 
6.760000 
6.760000 
6.760000 
6.760000 
6.760000 
6.780000 
6.780000 
6.800000 
6.820000 
6.820000 
6.820000 
6.820000 
6.820000 
6.820000 
6.840000 
6.840000 
6.870000 
6.870000 
6.890000 
6.890000 
6.890000 
6.890000 
6.890000 
6.870000 
6.870000 
6.840000 
6.840000 
6.820000 
6.800000 
6.780000 
6.780000 
6.760000 
6.760000 
6.760000 
6.730000 
6.730000 
6.710000 
6.710000 
6.690000 
6.690000 
6.690000 
6.690000 
6.690000 
6.690000 
6.690000 
6.690000 
6.690000 
6.690000 
6.690000 
6.690000 
6.690000 
6.640000 
6.620000 
6.560000 
6.510000 
6.440000 
6.360000 
6.310000 
6.270000 
6.310000 
6.360000 
6.530000 
6.730000 
7.070000 
7.400000 
7.840000 
8.290000 
8.580000 
8.890000 
8.820000 
8.730000 
8.290000 
7.840000 
7.360000 
6.870000 
6.620000 
6.380000 
6.360000 
6.310000 
6.310000 
6.330000 
6.360000 
6.380000 
6.400000 
6.440000 
6.470000 
6.490000 
6.490000 
6.510000 
6.510000 
6.510000 
6.510000 
6.530000 
6.530000 
6.560000 
6.580000 
6.580000 
6.580000 
6.580000 
6.580000 
6.580000 
6.580000 
6.580000 
6.580000 
6.580000 
6.580000 
6.580000 
6.580000 
6.600000 
6.600000 
6.620000 
6.620000 
6.620000 
6.620000 
6.620000 
6.640000 
6.670000 
6.670000 
6.690000 
6.690000 
6.690000 
6.690000 
6.690000 
6.690000 
6.690000 
6.690000 
6.710000 
6.710000 
6.710000 
6.730000 
6.730000 
6.760000 
6.760000 
6.760000 
6.760000 
6.760000 
6.760000 
6.760000 
6.760000 
6.760000 
6.760000 
6.760000 
6.760000 
6.760000 
6.760000 
6.780000 
6.780000 
6.800000 
6.820000 
6.820000 
6.820000 
6.820000 
6.820000 
6.820000 
6.820000 
6.820000 
6.820000 
6.820000 
6.820000 
6.820000 
6.820000 
6.820000 
6.820000 
6.820000 
6.820000 
6.800000 
6.800000 
6.780000 
6.780000 
6.760000 
6.760000 
6.760000 
6.760000 
6.760000 
6.760000 
6.760000 
6.760000 
6.760000 
6.760000 
6.760000 
6.760000 
6.760000 
6.760000 
6.760000 
6.760000 
6.760000 
6.760000 
6.760000 
6.760000 
6.760000 
6.760000 
6.760000 
6.760000 
6.760000 
6.760000 
6.760000 
6.760000 
6.760000 
6.760000 
6.760000 
6.760000 
6.760000 
6.760000 
6.760000 
6.760000 
6.760000 
6.760000 
6.760000 
6.760000 
6.760000 
6.760000 
6.760000 
6.760000 
6.780000 
6.780000 
6.800000 
6.820000 
6.800000 
6.800000 
6.800000 
6.780000 
6.800000 
6.800000 
6.820000 
6.840000 
6.870000 
6.870000 
6.870000 
6.890000 
6.870000 
6.870000 
6.840000 
6.840000 
6.820000 
6.820000 
6.800000 
6.800000 
6.780000 
6.760000 
6.760000 
6.730000 
6.730000 
6.710000 
6.710000 
6.690000 
6.690000 
6.690000 
6.690000 
6.690000 
6.690000 
6.690000 
6.690000 
6.690000 
6.670000 
6.640000 
6.640000 
6.640000 
6.640000 
6.640000 
6.620000 
6.620000 
6.560000 
6.510000 
6.420000 
6.330000 
6.270000 
6.220000 
6.290000 
6.360000 
6.530000 
6.730000 
7.070000 
7.420000 
7.870000 
8.310000 
8.600000 
8.910000 
8.820000 
8.730000 
8.290000 
7.820000 
7.330000 
6.870000 
6.620000 
6.400000 
6.330000 
6.290000 
6.290000 
6.290000 
6.310000 
6.330000 
6.380000 
6.420000 
6.440000 
6.470000 
6.470000 
6.490000 
6.490000 
6.510000 
6.510000 
6.510000 
6.510000 
6.510000 
6.510000 
6.510000 
6.510000 
6.530000 
6.530000 
6.560000 
6.560000 
6.560000 
6.560000 
6.560000 
6.560000 
6.560000 
6.580000 
6.580000 
6.580000 
6.580000 
6.580000 
6.580000 
6.580000 
6.580000 
6.580000 
6.600000 
6.620000 
6.640000 
6.640000 
6.640000 
6.640000 
6.670000 
6.670000 
6.690000 
6.690000 
6.690000 
6.690000 
6.690000 
6.690000 
6.690000 
6.710000 
6.710000 
6.730000 
6.760000 
6.760000 
6.760000 
6.760000 
6.760000 
6.760000 
6.760000 
6.760000 
6.760000 
6.760000 
6.760000 
6.760000 
6.760000 
6.760000 
6.760000 
6.760000 
6.760000 
6.760000 
6.760000 
6.760000 
6.760000 
6.760000 
6.760000 
6.760000 
6.760000 
6.760000 
6.760000 
6.760000 
6.760000 
6.760000 
6.760000 
6.760000 
6.760000 
6.760000 
6.760000 
6.760000 
6.760000 
6.760000 
6.760000 
6.760000 
6.760000 
6.760000 
6.760000 
6.760000 
6.730000 
6.730000 
6.730000 
6.730000 
6.760000 
6.760000 
6.760000 
6.760000 
6.760000 
6.760000 
6.730000 
6.730000 
6.730000 
6.730000 
6.760000 
6.760000 
6.760000 
6.730000 
6.710000 
6.710000 
6.710000 
6.730000 
6.730000 
6.730000 
6.730000 
6.730000 
6.760000 
6.760000 
6.760000 
6.760000 
6.760000 
6.760000 
6.760000 
6.760000 
6.760000 
6.760000 
6.760000 
6.760000 
6.760000 
6.760000 
6.760000 
6.760000 
6.760000 
6.760000 
6.780000 
6.800000 
6.820000 
6.820000 
6.840000 
6.820000 
6.820000 
6.820000 
6.820000 
6.800000 
6.800000 
6.780000 
6.760000 
6.760000 
6.760000 
6.730000 
6.730000 
6.710000 
6.710000 
6.690000 
6.690000 
6.690000 
6.690000 
6.670000 
6.640000 
6.640000 
6.620000 
6.620000 
6.620000 
6.600000 
6.600000 
6.600000 
6.580000 
6.580000 
6.580000 
6.580000 
6.580000 
6.560000 
6.530000 
6.490000 
6.420000 
6.330000 
6.240000 
6.200000 
6.160000 
6.240000 
6.310000 
6.530000 
6.760000 
7.110000 
7.490000 
7.960000 
8.400000 
8.670000 
8.930000 
8.780000 
8.620000 
8.130000 
7.640000 
7.200000 
6.730000 
6.530000 
6.360000 
6.330000 
6.290000 
6.290000 
6.290000 
6.310000 
6.330000 
6.380000 
6.420000 
6.420000 
6.440000 
6.470000 
6.470000 
6.490000 
6.510000 
6.510000 
6.510000 
6.510000 
6.510000 
6.510000 
6.510000 
6.510000 
6.510000 
6.530000 
6.530000 
6.530000 
6.560000 
6.530000 
6.530000 
6.530000 
6.530000 
6.560000 
6.560000 
6.580000 
6.580000 
6.580000 
6.580000 
6.580000 
6.580000 
6.580000 
6.580000 
6.600000 
6.600000 
6.600000 
6.600000 
6.600000 
6.600000 
6.620000 
6.640000 
6.640000 
6.670000 
6.670000 
6.690000 
6.690000 
6.710000 
6.710000 
6.710000 
6.710000 
6.730000 
6.730000 
6.760000 
6.760000 
6.760000 
6.760000 
6.760000 
6.760000 
6.760000 
6.760000 
6.760000 
6.760000 
6.760000 
6.760000 
6.760000 
6.760000 
6.760000 
6.760000 
6.760000 
6.760000 
6.760000 
6.760000 
6.760000 
6.760000 
6.760000 
6.760000 
6.760000 
6.760000 
6.760000 
6.760000 
6.760000 
6.760000 
6.760000 
6.760000 
6.760000 
6.760000 
6.760000 
6.760000 
6.760000 
6.760000 
6.760000 
6.760000 
6.730000 
6.730000 
6.710000 
6.710000 
6.690000 
6.690000 
6.710000 
6.710000 
6.730000 
6.710000 
6.710000 
6.690000 
6.690000 
6.690000 
6.710000 
6.710000 
6.710000 
6.710000 
6.730000 
6.730000 
6.730000 
6.730000 
6.730000 
6.760000 
6.760000 
6.760000 
6.760000 
6.730000 
6.730000 
6.730000 
6.730000 
6.760000 
6.760000 
6.760000 
6.760000 
6.760000 
6.760000 
6.760000 
6.760000 
6.760000 
6.760000 
6.760000 
6.760000 
6.760000 
6.780000 
6.800000 
6.820000 
6.820000 
6.840000 
6.870000 
6.870000 
6.870000 
6.870000 
6.840000 
6.840000 
6.820000 
6.820000 
6.800000 
6.800000 
6.780000 
6.780000 
6.760000 
6.730000 
6.710000 
6.690000 
6.690000 
6.690000 
6.690000 
6.670000 
6.670000 
6.640000 
6.640000 
6.640000 
6.640000 
6.640000 
6.620000 
6.620000 
6.600000 
6.580000 
6.580000 
6.580000 
6.580000 
6.580000 
6.560000 
6.530000 
6.490000 
6.420000 
6.330000 
6.240000 
6.200000 
6.160000 
6.240000 
6.330000 
6.580000 
6.800000 
7.200000 
7.580000 
8.020000 
8.490000 
8.710000 
8.930000 
8.730000 
8.530000 
8.020000 
7.530000 
7.090000 
6.640000 
6.470000 
6.310000 
6.290000 
6.290000 
6.290000 
6.310000 
6.330000 
6.360000 
6.380000 
6.420000 
6.420000 
6.440000 
6.470000 
6.470000 
6.490000 
6.510000 
6.510000 
6.510000 
6.510000 
6.510000 
6.510000 
6.510000 
6.530000 
6.530000 
6.560000 
6.560000 
6.580000 
6.580000 
6.580000 
6.580000 
6.580000 
6.580000 
6.580000 
6.580000 
6.580000 
6.580000 
6.580000 
6.580000 
6.580000 
6.580000 
6.580000 
6.600000 
6.620000 
6.620000 
6.640000 
6.640000 
6.640000 
6.640000 
6.670000 
6.670000 
6.670000 
6.690000 
6.690000 
6.690000 
6.690000 
6.690000 
6.690000 
6.710000 
6.730000 
6.760000 
6.760000 
6.760000 
6.760000 
6.760000 
6.760000 
6.760000 
6.760000 
6.760000 
6.760000 
6.760000 
6.760000 
6.760000 
6.760000 
6.760000 
6.760000 
6.760000 
6.760000 
6.760000 
6.760000 
6.760000 
6.760000 
6.780000 
6.780000 
6.800000 
6.800000 
6.780000 
6.780000 
6.760000 
6.760000 
6.760000 
6.760000 
6.760000 
6.760000 
6.760000 
6.760000 
6.760000 
6.760000 
6.760000 
6.760000 
6.760000 
6.760000 
6.760000 
6.730000 
6.730000 
6.730000 
6.710000 
6.730000 
6.730000 
6.760000 
6.760000 
6.760000 
6.760000 
6.760000 
6.760000 
6.760000 
6.760000 
6.760000 
6.760000 
6.760000 
6.760000 
6.760000 
6.760000 
6.760000 
6.760000 
6.760000 
6.760000 
6.760000 
6.760000 
6.760000 
6.760000 
6.760000 
6.760000 
6.760000 
6.760000 
6.760000 
6.760000 
6.760000 
6.760000 
6.760000 
6.760000 
6.780000 
6.780000 
6.780000 
6.800000 
6.800000 
6.780000 
6.800000 
6.800000 
6.820000 
6.840000 
6.870000 
6.870000 
6.870000 
6.890000 
6.870000 
6.870000 
6.840000 
6.820000 
6.800000 
6.800000 
6.780000 
6.760000 
6.760000 
6.760000 
6.730000 
6.730000 
6.730000 
6.710000 
6.710000 
6.690000 
6.690000 
6.670000 
6.670000 
6.640000 
6.640000 
6.640000 
6.640000 
6.640000 
6.640000 
6.640000 
6.640000 
6.640000 
6.620000 
6.620000 
6.600000 
6.560000 
6.490000 
6.400000 
6.310000 
6.220000 
6.200000 
6.180000 
6.310000 
6.420000 
6.690000 
6.980000 
7.380000 
7.800000 
8.220000 
8.670000 
8.800000 
8.960000 
8.690000 
8.400000 
7.890000 
7.380000 
7.000000 
6.600000 
6.470000 
6.330000 
6.330000 
6.330000 
6.330000 
6.360000 
6.380000 
6.400000 
6.420000 
6.470000 
6.490000 
6.510000 
6.510000 
6.510000 
6.510000 
6.510000 
6.510000 
6.530000 
6.530000 
6.560000 
6.560000 
6.560000 
6.560000 
6.560000 
6.560000 
6.560000 
6.580000 
6.580000 
6.580000 
6.580000 
6.580000 
6.580000 
6.600000 
6.620000 
6.620000 
6.640000 
6.640000 
6.640000 
6.640000 
6.640000 
6.670000 
6.690000 
6.690000 
6.710000 
6.690000 
6.690000 
6.690000 
6.690000 
6.690000 
6.690000 
6.710000 
6.710000 
6.710000 
6.710000 
6.710000 
6.730000 
6.730000 
6.760000 
6.760000 
6.760000 
6.760000 
6.760000 
6.760000 
6.760000 
6.760000 
6.760000 
6.760000 
6.760000 
6.760000 
6.760000 
6.760000 
6.780000 
6.780000 
6.800000 
6.800000 
6.800000 
6.820000 
6.820000 
6.820000 
6.820000 
6.820000 
6.820000 
6.820000 
6.820000 
6.820000 
6.820000 
6.800000 
6.800000 
6.800000 
6.780000 
6.780000 
6.780000 
6.780000 
6.780000 
6.760000 
6.760000 
6.760000 
6.760000 
6.760000 
6.760000 
6.760000 
6.760000 
6.760000 
6.760000 
6.760000 
6.760000 
6.760000 
6.760000 
6.760000 
6.760000 
6.760000 
6.730000 
6.730000 
6.710000 
6.710000 
6.710000 
6.730000 
6.760000 
6.760000 
6.760000 
6.760000 
6.760000 
6.760000 
6.760000 
6.760000 
6.760000 
6.760000 
6.760000 
6.760000 
6.760000 
6.760000 
6.760000 
6.760000 
6.760000 
6.760000 
6.760000 
6.760000 
6.760000 
6.760000 
6.760000 
6.760000 
6.780000 
6.780000 
6.800000 
6.800000 
6.800000 
6.820000 
6.840000 
6.840000 
6.870000 
6.870000 
6.890000 
6.870000 
6.870000 
6.840000 
6.820000 
6.800000 
6.800000 
6.800000 
6.800000 
6.780000 
6.780000 
6.760000 
6.730000 
6.710000 
6.690000 
6.690000 
6.690000 
6.690000 
6.690000 
6.670000 
6.640000 
6.620000 
6.620000 
6.620000 
6.640000 
6.640000 
6.640000 
6.620000 
6.620000 
6.600000 
6.600000 
6.600000 
6.600000 
6.560000 
6.530000 
6.440000 
6.360000 
6.240000 
6.160000 
6.180000 
6.180000 
6.360000 
6.510000 
6.820000 
7.130000 
7.600000 
8.040000 
8.440000 
8.820000 
8.890000 
8.930000 
8.580000 
8.220000 
7.690000 
7.160000 
6.820000 
6.490000 
6.400000 
6.330000 
6.330000 
6.330000 
6.330000 
6.330000 
6.360000 
6.400000 
6.420000 
6.440000 
6.470000 
6.490000 
6.490000 
6.510000 
6.510000 
6.510000 
6.510000 
6.510000 
6.510000 
6.510000 
6.510000 
6.510000 
6.510000 
6.530000 
6.530000 
6.560000 
6.560000 
6.560000 
6.580000 
6.580000 
6.580000 
6.580000 
6.580000 
6.580000 
6.580000 
6.580000 
6.580000 
6.580000 
6.580000 
6.580000 
6.580000 
6.600000 
6.620000 
6.640000 
6.640000 
6.640000 
6.670000 
6.670000 
6.670000 
6.690000 
6.690000 
6.710000 
6.710000 
6.710000 
6.710000 
6.710000 
6.730000 
6.730000 
6.760000 
6.760000 
6.760000 
6.760000 
6.760000 
6.760000 
6.760000 
6.760000 
6.760000 
6.760000 
6.760000 
6.760000 
6.760000 
6.760000 
6.760000 
6.760000 
6.760000 
6.760000 
6.760000 
6.760000 
6.760000 
6.760000 
6.760000 
6.760000 
6.760000 
6.760000 
6.760000 
6.760000 
6.760000 
6.760000 
6.760000 
6.760000 
6.760000 
6.760000 
6.760000 
6.760000 
6.760000 
6.760000 
6.760000 
6.760000 
6.760000 
6.760000 
6.760000 
6.760000 
6.760000 
6.760000 
6.760000 
6.760000 
6.760000 
6.760000 
6.760000 
6.760000 
6.760000 
6.730000 
6.730000 
6.730000 
6.730000 
6.760000 
6.760000 
6.760000 
6.760000 
6.760000 
6.760000 
6.760000 
6.760000 
6.760000 
6.760000 
6.760000 
6.760000 
6.760000 
6.760000 
6.760000 
6.760000 
6.760000 
6.760000 
6.760000 
6.760000 
6.760000 
6.760000 
6.780000 
6.780000 
6.800000 
6.820000 
6.820000 
6.820000 
6.820000 
6.820000 
6.820000 
6.840000 
6.870000 
6.870000 
6.890000 
6.890000 
6.890000 
6.890000 
6.890000 
6.870000 
6.870000 
6.840000 
6.820000 
6.800000 
6.800000 
6.780000 
6.760000 
6.760000 
6.730000 
6.730000 
6.710000 
6.710000 
6.690000 
6.690000 
6.690000 
6.690000 
6.670000 
6.670000 
6.640000 
6.640000 
6.670000 
6.670000 
6.670000 
6.670000 
6.670000 
6.640000 
6.640000 
6.620000 
6.620000 
6.560000 
6.510000 
6.400000 
6.310000 
6.240000 
6.180000 
6.220000 
6.290000 
6.490000 
6.690000 
7.040000 
7.420000 
7.870000 
8.330000 
8.640000 
8.960000 
8.910000 
8.840000 
8.420000 
7.980000 
7.440000 
6.930000 
6.640000 
6.380000 
6.360000 
6.330000 
6.360000 
6.400000 
6.400000 
6.420000 
6.440000 
6.470000 
6.490000 
6.510000 
6.510000 
6.510000 
6.510000 
6.510000 
6.510000 
6.510000 
6.530000 
6.530000 
6.560000 
6.580000 
6.580000 
6.580000 
6.580000 
6.580000 
6.580000 
6.580000 
6.580000 
6.580000 
6.580000 
6.580000 
6.580000 
6.580000 
6.580000 
6.580000 
6.600000 
6.620000 
6.620000 
6.640000 
6.640000 
6.640000 
6.640000 
6.670000 
6.670000 
6.690000 
6.690000 
6.690000 
6.670000 
6.670000 
6.670000 
6.690000 
6.690000 
6.710000 
6.730000 
6.760000 
6.760000 
6.760000 
6.760000 
6.760000 
6.760000 
6.760000 
6.760000 
6.760000 
6.760000 
6.760000 
6.760000 
6.760000 
6.760000 
6.760000 
6.760000 
6.760000 
6.760000 
6.760000 
6.760000 
6.760000 
6.780000 
6.780000 
6.800000 
6.820000 
6.820000 
6.820000 
6.820000 
6.820000 
6.820000 
6.820000 
6.820000 
6.820000 
6.800000 
6.800000 
6.800000 
6.780000 
6.780000 
6.780000 
6.780000 
6.780000 
6.760000 
6.760000 
6.760000 
6.760000 
6.760000 
6.760000 
6.760000 
6.760000 
6.760000 
6.760000 
6.760000 
6.760000 
6.760000 
6.760000 
6.760000 
6.760000 
6.760000 
6.760000 
6.760000 
6.760000 
6.760000 
6.760000 
6.760000 
6.760000 
6.760000 
6.760000 
6.760000 
6.760000 
6.760000 
6.760000 
6.760000 
6.760000 
6.760000 
6.760000 
6.760000 
6.760000 
6.760000 
6.760000 
6.780000 
6.780000 
6.800000 
6.820000 
6.820000 
6.820000 
6.820000 
6.820000 
6.840000 
6.870000 
6.870000 
6.890000 
6.890000 
6.890000 
6.890000 
6.910000 
6.910000 
6.930000 
6.930000 
6.930000 
6.930000 
6.930000 
6.910000 
6.890000 
6.890000 
6.870000 
6.870000 
6.870000 
6.840000 
6.820000 
6.800000 
6.780000 
6.760000 
6.760000 
6.760000 
6.760000 
6.760000 
6.760000 
6.730000 
6.730000 
6.710000 
6.710000 
6.690000 
6.690000 
6.690000 
6.690000 
6.690000 
6.690000 
6.690000 
6.690000 
6.690000 
6.690000 
6.640000 
6.600000 
6.510000 
6.420000 
6.330000 
6.270000 
6.290000 
6.310000 
6.470000 
6.640000 
6.960000 
7.270000 
7.710000 
8.130000 
8.490000 
8.870000 
8.890000 
8.910000 
8.530000 
8.160000 
7.620000 
7.110000 
6.800000 
6.490000 
6.420000 
6.360000 
6.360000 
6.380000 
6.400000 
6.400000 
6.420000 
6.470000 
6.490000 
6.530000 
6.530000 
6.560000 
6.560000 
6.530000 
6.560000 
6.560000 
6.580000 
6.580000 
6.580000 
6.580000 
6.580000 
6.580000 
6.580000 
6.580000 
6.580000 
6.600000 
6.620000 
6.620000 
6.620000 
6.620000 
6.620000 
6.620000 
6.620000 
6.640000 
6.640000 
6.670000 
6.670000 
6.670000 
6.670000 
6.670000 
6.690000 
6.690000 
6.690000 
6.690000 
6.690000 
6.690000 
6.690000 
6.710000 
6.730000 
6.760000 
6.760000 
6.760000 
6.760000 
6.760000 
6.760000 
6.760000 
6.760000 
6.760000 
6.760000 
6.760000 
6.760000 
6.760000 
6.760000 
6.760000 
6.760000 
6.760000 
6.780000 
6.780000 
6.800000 
6.820000 
6.820000 
6.820000 
6.820000 
6.820000 
6.820000 
6.820000 
6.820000 
6.820000 
6.820000 
6.820000 
6.820000 
6.820000 
6.820000 
6.820000 
6.820000 
6.820000 
6.820000 
6.820000 
6.820000 
6.820000 
6.820000 
6.820000 
6.800000 
6.800000 
6.780000 
6.760000 
6.760000 
6.760000 
6.760000 
6.760000 
6.760000 
6.760000 
6.760000 
6.760000 
6.760000 
6.760000 
6.760000 
6.760000 
6.760000 
6.760000 
6.760000 
6.760000 
6.760000 
6.760000 
6.760000 
6.760000 
6.760000 
6.760000 
6.760000 
6.760000 
6.760000 
6.760000 
6.760000 
6.760000 
6.760000 
6.760000 
6.760000 
6.760000 
6.760000 
6.760000 
6.760000 
6.760000 
6.760000 
6.780000 
6.780000 
6.800000 
6.820000 
6.820000 
6.820000 
6.820000 
6.820000 
6.820000 
6.820000 
6.820000 
6.840000 
6.840000 
6.870000 
6.870000 
6.890000 
6.890000 
6.910000 
6.930000 
6.930000 
6.960000 
6.930000 
6.930000 
6.890000 
6.870000 
6.840000 
6.820000 
6.820000 
6.800000 
6.800000 
6.780000 
6.760000 
6.760000 
6.760000 
6.760000 
6.730000 
6.730000 
6.710000 
6.710000 
6.690000 
6.690000 
6.690000 
6.690000 
6.690000 
6.690000 
6.690000 
6.710000 
6.710000 
6.710000 
6.690000 
6.690000 
6.670000 
6.670000 
6.600000 
6.560000 
6.470000 
6.380000 
6.330000 
6.290000 
6.380000 
6.470000 
6.690000 
6.910000 
7.290000 
7.670000 
8.090000 
8.530000 
8.760000 
8.980000 
8.800000 
8.600000 
8.110000 
7.620000 
7.180000 
6.730000 
6.560000 
6.380000 
6.380000 
6.380000 
6.380000 
6.400000 
6.420000 
6.420000 
6.440000 
6.470000 
6.490000 
6.530000 
6.530000 
6.560000 
6.560000 
6.560000 
6.560000 
6.560000 
6.580000 
6.580000 
6.580000 
6.580000 
6.580000 
6.580000 
6.580000 
6.600000 
6.620000 
6.620000 
6.620000 
6.620000 
6.620000 
6.600000 
6.600000 
6.600000 
6.620000 
6.620000 
6.640000 
6.640000 
6.640000 
6.670000 
6.670000 
6.690000 
6.690000 
6.690000 
6.690000 
6.690000 
6.690000 
6.690000 
6.690000 
6.710000 
6.730000 
6.760000 
6.760000 
6.760000 
6.760000 
6.760000 
6.760000 
6.760000 
6.760000 
6.760000 
6.760000 
6.760000 
6.760000 
6.760000 
6.760000 
6.760000 
6.760000 
6.760000 
6.760000 
6.780000 
6.780000 
6.780000 
6.780000 
6.780000 
6.800000 
6.800000 
6.820000 
6.820000 
6.820000 
6.820000 
6.820000 
6.820000 
6.820000 
6.820000 
6.820000 
6.820000 
6.820000 
6.820000 
6.800000 
6.800000 
6.780000 
6.760000 
6.760000 
6.760000 
6.760000 
6.760000 
6.760000 
6.760000 
6.760000 
6.760000 
6.760000 
6.760000 
6.760000 
6.760000 
6.760000 
6.760000 
6.760000 
6.760000 
6.760000 
6.760000 
6.760000 
6.760000 
6.760000 
6.760000 
6.760000 
6.760000 
6.760000 
6.760000 
6.760000 
6.760000 
6.760000 
6.760000 
6.760000 
6.760000 
6.760000 
6.760000 
6.760000 
6.760000 
6.760000 
6.760000 
6.760000 
6.760000 
6.760000 
6.760000 
6.760000 
6.760000 
6.760000 
6.760000 
6.760000 
6.780000 
6.780000 
6.800000 
6.820000 
6.820000 
6.820000 
6.820000 
6.820000 
6.820000 
6.820000 
6.840000 
6.870000 
6.890000 
6.910000 
6.910000 
6.910000 
6.910000 
6.910000 
6.910000 
6.890000 
6.890000 
6.870000 
6.840000 
6.820000 
6.820000 
6.800000 
6.780000 
6.760000 
6.760000 
6.760000 
6.760000 
6.760000 
6.730000 
6.730000 
6.710000 
6.710000 
6.710000 
6.710000 
6.730000 
6.710000 
6.710000 
6.690000 
6.690000 
6.690000 
6.690000 
6.690000 
6.710000 
6.670000 
6.640000 
6.580000 
6.490000 
6.400000 
6.310000 
6.310000 
6.290000 
6.400000 
6.490000 
6.730000 
6.980000 
7.380000 
7.780000 
8.200000 
8.640000 
8.800000 
8.980000 
8.730000 
8.510000 
8.000000 
7.510000 
7.110000 
6.690000 
6.530000 
6.360000 
6.330000 
6.330000 
6.330000 
6.360000 
6.380000 
